CDHR5	0.928	1.657032776	0.856	1.657032776	0.958	0.635	NA	Enterocyte	CDHR5
PHGR1	0.922	1.348300615	0.844	1.348300615	1	1	NA	Enterocyte	PHGR1
IL32	0.912	2.17546391	0.824	2.17546391	0.925	0.538	NA	Enterocyte	IL32
SEPP1	0.91	2.41330748	0.82	2.41330748	0.912	0.466	NA	Enterocyte	SEPP1
ANPEP	0.9	1.954580799	0.8	1.954580799	0.932	0.498	NA	Enterocyte	ANPEP
GUCA2A	0.897	1.73115429	0.794	1.73115429	0.933	0.62	NA	Enterocyte	GUCA2A
CTSD	0.891	1.008065519	0.782	1.008065519	0.975	0.905	NA	Enterocyte	CTSD
AMN	0.884	1.19417237	0.768	1.19417237	0.958	0.807	NA	Enterocyte	AMN
PRAP1	0.875	2.43700692	0.75	2.43700692	0.892	0.523	NA	Enterocyte	PRAP1
MISP	0.868	1.069625398	0.736	1.069625398	0.913	0.664	NA	Enterocyte	MISP
FABP1	0.867	1.327696155	0.734	1.327696155	0.996	0.968	NA	Enterocyte	FABP1
ADIRF	0.866	2.210680234	0.732	2.210680234	0.914	0.727	NA	Enterocyte	ADIRF
AGPAT2	0.859	1.060420385	0.718	1.060420385	0.917	0.712	NA	Enterocyte	AGPAT2
CES2	0.854	1.06139983	0.708	1.06139983	0.959	0.792	NA	Enterocyte	CES2
MT-CO1	0.853	0.602708356	0.706	0.602708356	1	1	NA	Enterocyte	MT-CO1
PCK1	0.851	1.356895288	0.702	1.356895288	0.918	0.708	NA	Enterocyte	PCK1
KRT19	0.85	1.084089272	0.7	1.084089272	0.99	0.965	NA	Enterocyte	KRT19
FTH1	0.85	0.993753183	0.7	0.993753183	1	1	NA	Enterocyte	FTH1
AOC1	0.848	1.022507778	0.696	1.022507778	0.895	0.622	NA	Enterocyte	AOC1
MALL	0.847	1.125673189	0.694	1.125673189	0.832	0.324	NA	Enterocyte	MALL
SLC51B	0.847	1.114185165	0.694	1.114185165	0.791	0.206	NA	Enterocyte	SLC51B
HLA-A	0.846	0.875844802	0.692	0.875844802	0.996	0.992	NA	Enterocyte	HLA-A
FABP2	0.845	1.85230793	0.69	1.85230793	0.908	0.73	NA	Enterocyte	FABP2
FLJ22763	0.841	1.291268954	0.682	1.291268954	0.756	0.169	NA	Enterocyte	FLJ22763
MEP1A	0.841	1.202257305	0.682	1.202257305	0.815	0.359	NA	Enterocyte	MEP1A
CYP3A5	0.841	1.112436044	0.682	1.112436044	0.862	0.532	NA	Enterocyte	CYP3A5
CST3	0.841	0.688347647	0.682	0.688347647	0.997	0.995	NA	Enterocyte	CST3
ALDOB	0.84	2.708444682	0.68	2.708444682	0.761	0.243	NA	Enterocyte	ALDOB
PRR13	0.839	0.78081469	0.678	0.78081469	0.963	0.914	NA	Enterocyte	PRR13
SMIM24	0.838	1.983824872	0.676	1.983824872	0.803	0.401	NA	Enterocyte	SMIM24
DPEP1	0.834	2.134156131	0.668	2.134156131	0.748	0.242	NA	Enterocyte	DPEP1
SULT1A1	0.833	1.015155044	0.666	1.015155044	0.853	0.544	NA	Enterocyte	SULT1A1
LINC01133	0.833	1.002858909	0.666	1.002858909	0.829	0.411	NA	Enterocyte	LINC01133
MALAT1	0.833	0.660406244	0.666	0.660406244	1	1	NA	Enterocyte	MALAT1
NEAT1	0.832	0.814261788	0.664	0.814261788	0.993	0.985	NA	Enterocyte	NEAT1
ATP1A1	0.831	0.828321782	0.662	0.828321782	0.966	0.911	NA	Enterocyte	ATP1A1
SGK1	0.829	1.171502425	0.658	1.171502425	0.757	0.22	NA	Enterocyte	SGK1
HLA-DRB1	0.828	1.481565038	0.656	1.481565038	0.806	0.443	NA	Enterocyte	HLA-DRB1
HLA-DRA	0.827	1.88057951	0.654	1.88057951	0.787	0.419	NA	Enterocyte	HLA-DRA
RBP2	0.826	2.199036793	0.652	2.199036793	0.742	0.215	NA	Enterocyte	RBP2
CDKN2B-AS1	0.825	1.239451255	0.65	1.239451255	0.762	0.246	NA	Enterocyte	CDKN2B-AS1
ACE	0.824	1.450461678	0.648	1.450461678	0.736	0.231	NA	Enterocyte	ACE
TMIGD1	0.824	1.046892594	0.648	1.046892594	0.687	0.068	NA	Enterocyte	TMIGD1
PRSS3	0.822	0.747549097	0.644	0.747549097	0.94	0.806	NA	Enterocyte	PRSS3
GUCA2B	0.82	0.308533023	0.64	0.308533023	0.821	0.441	NA	Enterocyte	GUCA2B
APOB	0.819	1.786636567	0.638	1.786636567	0.683	0.095	NA	Enterocyte	APOB
B2M	0.819	0.793620916	0.638	0.793620916	1	1	NA	Enterocyte	B2M
APOC3	0.817	2.966849064	0.634	2.966849064	0.735	0.223	NA	Enterocyte	APOC3
KHK	0.816	1.526272297	0.632	1.526272297	0.739	0.261	NA	Enterocyte	KHK
APOA1	0.815	3.18465998	0.63	3.18465998	0.742	0.255	NA	Enterocyte	APOA1
RHOC	0.815	0.811729684	0.63	0.811729684	0.903	0.776	NA	Enterocyte	RHOC
FABP6	0.814	2.520962441	0.628	2.520962441	0.753	0.247	NA	Enterocyte	FABP6
CYP3A4	0.814	1.778517985	0.628	1.778517985	0.679	0.105	NA	Enterocyte	CYP3A4
CRIP1	0.814	1.35060395	0.628	1.35060395	0.86	0.672	NA	Enterocyte	CRIP1
SLC6A19	0.814	1.152918937	0.628	1.152918937	0.667	0.076	NA	Enterocyte	SLC6A19
CDHR2	0.814	1.10511072	0.628	1.10511072	0.712	0.172	NA	Enterocyte	CDHR2
SULT1A2	0.814	0.979218263	0.628	0.979218263	0.698	0.142	NA	Enterocyte	SULT1A2
TMEM37	0.812	0.976727384	0.624	0.976727384	0.734	0.258	NA	Enterocyte	TMEM37
EDF1	0.812	0.668885285	0.624	0.668885285	0.993	0.989	NA	Enterocyte	EDF1
GLRX	0.808	1.060495454	0.616	1.060495454	0.799	0.505	NA	Enterocyte	GLRX
SERPINA1	0.804	2.048019464	0.608	2.048019464	0.774	0.464	NA	Enterocyte	SERPINA1
CD74	0.804	1.751592276	0.608	1.751592276	0.831	0.713	NA	Enterocyte	CD74
APOA4	0.799	2.955882872	0.598	2.955882872	0.694	0.204	NA	Enterocyte	APOA4
MT-ND5	0.799	0.615779142	0.598	0.615779142	1	0.998	NA	Enterocyte	MT-ND5
MYO1A	0.798	0.883460736	0.596	0.883460736	0.8	0.507	NA	Enterocyte	MYO1A
SLC7A9	0.796	1.190203765	0.592	1.190203765	0.639	0.085	NA	Enterocyte	SLC7A9
NAALADL1	0.796	1.054387249	0.592	1.054387249	0.646	0.09	NA	Enterocyte	NAALADL1
ESPN	0.796	0.850722722	0.592	0.850722722	0.732	0.305	NA	Enterocyte	ESPN
FTL	0.795	1.106808331	0.59	1.106808331	0.998	0.996	NA	Enterocyte	FTL
KRT20	0.794	0.880495153	0.588	0.880495153	0.856	0.481	NA	Enterocyte	KRT20
VAMP8	0.794	0.655576452	0.588	0.655576452	0.939	0.905	NA	Enterocyte	VAMP8
DGAT1	0.793	0.871504491	0.586	0.871504491	0.808	0.551	NA	Enterocyte	DGAT1
TCN2	0.791	0.982206742	0.582	0.982206742	0.671	0.189	NA	Enterocyte	TCN2
SLC22A18	0.791	0.787625269	0.582	0.787625269	0.823	0.602	NA	Enterocyte	SLC22A18
REEP6	0.789	1.105922355	0.578	1.105922355	0.703	0.262	NA	Enterocyte	REEP6
C11orf86	0.788	0.994238107	0.576	0.994238107	0.621	0.068	NA	Enterocyte	C11orf86
SLC5A1	0.787	1.107271621	0.574	1.107271621	0.694	0.27	NA	Enterocyte	SLC5A1
C2orf88	0.787	0.873197646	0.574	0.873197646	0.728	0.318	NA	Enterocyte	C2orf88
SAT2	0.786	1.03449846	0.572	1.03449846	0.794	0.61	NA	Enterocyte	SAT2
CYBRD1	0.784	1.107961947	0.568	1.107961947	0.643	0.138	NA	Enterocyte	CYBRD1
SLC9A3R1	0.784	0.835116469	0.568	0.835116469	0.74	0.392	NA	Enterocyte	SLC9A3R1
DNASE1	0.783	1.045022622	0.566	1.045022622	0.675	0.226	NA	Enterocyte	DNASE1
TM4SF20	0.781	1.128045261	0.562	1.128045261	0.627	0.111	NA	Enterocyte	TM4SF20
GPX4	0.78	0.94999289	0.56	0.94999289	0.918	0.889	NA	Enterocyte	GPX4
LGALS2	0.779	0.835369935	0.558	0.835369935	0.921	0.738	NA	Enterocyte	LGALS2
MS4A8	0.778	0.962773283	0.556	0.962773283	0.683	0.25	NA	Enterocyte	MS4A8
FUOM	0.778	0.941763908	0.556	0.941763908	0.709	0.322	NA	Enterocyte	FUOM
RARRES3	0.778	0.905997156	0.556	0.905997156	0.686	0.245	NA	Enterocyte	RARRES3
ARL4A	0.778	0.838280521	0.556	0.838280521	0.768	0.483	NA	Enterocyte	ARL4A
LDHA	0.778	0.817358076	0.556	0.817358076	0.926	0.856	NA	Enterocyte	LDHA
DEFA5	0.778	0.371664642	0.556	0.371664642	0.737	0.217	NA	Enterocyte	DEFA5
TMBIM6	0.777	0.562650745	0.554	0.562650745	0.973	0.968	NA	Enterocyte	TMBIM6
XPNPEP2	0.776	0.964237821	0.552	0.964237821	0.598	0.075	NA	Enterocyte	XPNPEP2
ABHD11-AS1	0.776	0.779870657	0.552	0.779870657	0.686	0.262	NA	Enterocyte	ABHD11-AS1
HLA-C	0.776	0.664905304	0.552	0.664905304	0.984	0.985	NA	Enterocyte	HLA-C
GSTA1	0.775	1.514720409	0.55	1.514720409	0.736	0.389	NA	Enterocyte	GSTA1
PCK2	0.775	0.922101969	0.55	0.922101969	0.748	0.475	NA	Enterocyte	PCK2
ASS1	0.775	0.722727718	0.55	0.722727718	0.819	0.6	NA	Enterocyte	ASS1
EZR	0.774	0.684238871	0.548	0.684238871	0.853	0.742	NA	Enterocyte	EZR
PTGR1	0.771	1.002720067	0.542	1.002720067	0.759	0.46	NA	Enterocyte	PTGR1
CBR1	0.77	0.935718469	0.54	0.935718469	0.807	0.653	NA	Enterocyte	CBR1
C19orf33	0.77	0.564441408	0.54	0.564441408	0.984	0.943	NA	Enterocyte	C19orf33
BLOC1S1	0.769	0.500242874	0.538	0.500242874	0.963	0.942	NA	Enterocyte	BLOC1S1
BIRC3	0.767	1.206850585	0.534	1.206850585	0.667	0.263	NA	Enterocyte	BIRC3
ENPEP	0.767	1.041834829	0.534	1.041834829	0.624	0.153	NA	Enterocyte	ENPEP
TMEM220	0.767	0.928154506	0.534	0.928154506	0.659	0.267	NA	Enterocyte	TMEM220
TMEM176A	0.767	0.683183728	0.534	0.683183728	0.907	0.822	NA	Enterocyte	TMEM176A
IFI27	0.767	0.662525355	0.534	0.662525355	0.981	0.968	NA	Enterocyte	IFI27
MGAM	0.766	1.005054174	0.532	1.005054174	0.575	0.065	NA	Enterocyte	MGAM
CYB5A	0.766	0.83164749	0.532	0.83164749	0.907	0.873	NA	Enterocyte	CYB5A
SLC26A3	0.765	1.491734505	0.53	1.491734505	0.666	0.254	NA	Enterocyte	SLC26A3
SLC15A1	0.765	0.933136843	0.53	0.933136843	0.565	0.056	NA	Enterocyte	SLC15A1
MTTP	0.764	1.029303938	0.528	1.029303938	0.593	0.099	NA	Enterocyte	MTTP
PMP22	0.762	0.991271578	0.524	0.991271578	0.589	0.111	NA	Enterocyte	PMP22
CNDP2	0.762	0.754732921	0.524	0.754732921	0.773	0.583	NA	Enterocyte	CNDP2
PEPD	0.761	1.041268913	0.522	1.041268913	0.664	0.302	NA	Enterocyte	PEPD
REG1B	0.76	1.868157918	0.52	1.868157918	0.626	0.16	NA	Enterocyte	REG1B
HEBP1	0.76	0.868057699	0.52	0.868057699	0.747	0.519	NA	Enterocyte	HEBP1
CREB3L3	0.757	0.911255832	0.514	0.911255832	0.556	0.066	NA	Enterocyte	CREB3L3
HPGD	0.757	0.835358386	0.514	0.835358386	0.701	0.373	NA	Enterocyte	HPGD
AKR7A3	0.756	0.936087822	0.512	0.936087822	0.775	0.606	NA	Enterocyte	AKR7A3
FAM3B	0.753	0.872958818	0.506	0.872958818	0.671	0.22	NA	Enterocyte	FAM3B
SLC39A5	0.753	0.68613065	0.506	0.68613065	0.831	0.717	NA	Enterocyte	SLC39A5
CFDP1	0.752	0.643595457	0.504	0.643595457	0.811	0.68	NA	Enterocyte	CFDP1
FBP1	0.75	1.05228305	0.5	1.05228305	0.72	0.535	NA	Enterocyte	FBP1
SDCBP2	0.749	0.648919411	0.498	0.648919411	0.754	0.434	NA	Enterocyte	SDCBP2
ATOX1	0.749	0.648585308	0.498	0.648585308	0.83	0.752	NA	Enterocyte	ATOX1
ACAA1	0.748	0.658665284	0.496	0.658665284	0.728	0.501	NA	Enterocyte	ACAA1
HLA-DRB5	0.746	1.082473815	0.492	1.082473815	0.575	0.148	NA	Enterocyte	HLA-DRB5
ISG15	0.745	0.908239109	0.49	0.908239109	0.655	0.283	NA	Enterocyte	ISG15
DHRS7	0.745	0.877061442	0.49	0.877061442	0.74	0.582	NA	Enterocyte	DHRS7
UBC	0.745	0.515522485	0.49	0.515522485	0.975	0.966	NA	Enterocyte	UBC
AADAC	0.744	0.856212671	0.488	0.856212671	0.55	0.093	NA	Enterocyte	AADAC
MYL12B	0.744	0.494256287	0.488	0.494256287	0.959	0.952	NA	Enterocyte	MYL12B
OAT	0.742	0.968488616	0.484	0.968488616	0.749	0.544	NA	Enterocyte	OAT
GDA	0.742	0.711246268	0.484	0.711246268	0.57	0.142	NA	Enterocyte	GDA
SEMA3B	0.741	0.695914528	0.482	0.695914528	0.613	0.236	NA	Enterocyte	SEMA3B
MPST	0.741	0.500108733	0.482	0.500108733	0.948	0.926	NA	Enterocyte	MPST
SI	0.74	1.11258618	0.48	1.11258618	0.67	0.34	NA	Enterocyte	SI
HLA-DQB1	0.737	0.80647346	0.474	0.80647346	0.558	0.145	NA	Enterocyte	HLA-DQB1
CYP2D6	0.736	0.925085944	0.472	0.925085944	0.505	0.046	NA	Enterocyte	CYP2D6
MME	0.736	0.796783325	0.472	0.796783325	0.528	0.085	NA	Enterocyte	MME
TMEM120A	0.736	0.662366688	0.472	0.662366688	0.668	0.394	NA	Enterocyte	TMEM120A
CLDN3	0.735	0.451724068	0.47	0.451724068	0.991	0.988	NA	Enterocyte	CLDN3
ALPI	0.734	0.727741847	0.468	0.727741847	0.514	0.073	NA	Enterocyte	ALPI
TM4SF5	0.733	0.819143352	0.466	0.819143352	0.668	0.398	NA	Enterocyte	TM4SF5
BLVRB	0.732	0.678763255	0.464	0.678763255	0.823	0.77	NA	Enterocyte	BLVRB
SAT1	0.732	0.442123028	0.464	0.442123028	0.977	0.966	NA	Enterocyte	SAT1
CPO	0.731	0.778447036	0.462	0.778447036	0.487	0.034	NA	Enterocyte	CPO
S100A14	0.731	0.486384539	0.462	0.486384539	0.953	0.927	NA	Enterocyte	S100A14
SMPDL3A	0.73	0.740936043	0.46	0.740936043	0.656	0.381	NA	Enterocyte	SMPDL3A
PDK4	0.729	0.95437562	0.458	0.95437562	0.621	0.302	NA	Enterocyte	PDK4
SLC7A7	0.728	0.856275276	0.456	0.856275276	0.491	0.052	NA	Enterocyte	SLC7A7
FCGRT	0.726	0.523254307	0.452	0.523254307	0.949	0.921	NA	Enterocyte	FCGRT
CLDN4	0.726	0.46031758	0.452	0.46031758	0.979	0.979	NA	Enterocyte	CLDN4
SLC10A2	0.725	0.778602582	0.45	0.778602582	0.5	0.066	NA	Enterocyte	SLC10A2
FAM132A	0.724	0.613799092	0.448	0.613799092	0.525	0.123	NA	Enterocyte	FAM132A
CDKN1A	0.723	0.629164306	0.446	0.629164306	0.696	0.456	NA	Enterocyte	CDKN1A
CIDEB	0.722	0.701995837	0.444	0.701995837	0.499	0.087	NA	Enterocyte	CIDEB
PDZK1	0.722	0.653098225	0.444	0.653098225	0.486	0.059	NA	Enterocyte	PDZK1
TDP2	0.722	0.607643778	0.444	0.607643778	0.782	0.664	NA	Enterocyte	TDP2
DHRS11	0.722	0.552994196	0.444	0.552994196	0.773	0.621	NA	Enterocyte	DHRS11
KRT8	0.721	0.488625556	0.442	0.488625556	0.999	0.997	NA	Enterocyte	KRT8
MUC17	0.72	0.716325022	0.44	0.716325022	0.515	0.116	NA	Enterocyte	MUC17
MIR194-2HG	0.72	0.624674901	0.44	0.624674901	0.633	0.332	NA	Enterocyte	MIR194-2HG
CHP2	0.72	0.508552449	0.44	0.508552449	0.833	0.708	NA	Enterocyte	CHP2
MS4A10	0.719	0.731983265	0.438	0.731983265	0.467	0.04	NA	Enterocyte	MS4A10
AQP3	0.719	0.716281809	0.438	0.716281809	0.507	0.099	NA	Enterocyte	AQP3
NAPRT	0.717	0.558242785	0.434	0.558242785	0.794	0.693	NA	Enterocyte	NAPRT
SLC5A12	0.714	0.670606357	0.428	0.670606357	0.461	0.042	NA	Enterocyte	SLC5A12
HSD17B11	0.714	0.643629535	0.428	0.643629535	0.857	0.822	NA	Enterocyte	HSD17B11
ANXA4	0.714	0.545501138	0.428	0.545501138	0.799	0.722	NA	Enterocyte	ANXA4
MAF	0.713	0.705264771	0.426	0.705264771	0.475	0.07	NA	Enterocyte	MAF
CLDN15	0.713	0.684215109	0.426	0.684215109	0.675	0.45	NA	Enterocyte	CLDN15
ZFP36	0.713	0.530396021	0.426	0.530396021	0.887	0.851	NA	Enterocyte	ZFP36
PBLD	0.712	0.593309603	0.424	0.593309603	0.658	0.428	NA	Enterocyte	PBLD
ACE2	0.711	0.704528692	0.422	0.704528692	0.484	0.096	NA	Enterocyte	ACE2
AKR1A1	0.711	0.630029575	0.422	0.630029575	0.8	0.782	NA	Enterocyte	AKR1A1
HHLA2	0.711	0.613950697	0.422	0.613950697	0.513	0.146	NA	Enterocyte	HHLA2
PLAC8	0.71	0.868907681	0.42	0.868907681	0.718	0.462	NA	Enterocyte	PLAC8
SLC6A8	0.71	0.731857035	0.42	0.731857035	0.546	0.204	NA	Enterocyte	SLC6A8
MT-ND2	0.71	0.566651389	0.42	0.566651389	1	1	NA	Enterocyte	MT-ND2
CMBL	0.709	0.583240301	0.418	0.583240301	0.772	0.712	NA	Enterocyte	CMBL
PSME2	0.709	0.531319041	0.418	0.531319041	0.889	0.828	NA	Enterocyte	PSME2
HSD17B2	0.707	0.637392858	0.414	0.637392858	0.611	0.346	NA	Enterocyte	HSD17B2
MDK	0.707	0.618626688	0.414	0.618626688	0.795	0.608	NA	Enterocyte	MDK
SCIN	0.707	0.566314281	0.414	0.566314281	0.593	0.27	NA	Enterocyte	SCIN
MVP	0.707	0.481460838	0.414	0.481460838	0.813	0.747	NA	Enterocyte	MVP
TMEM176B	0.707	0.447320592	0.414	0.447320592	0.886	0.856	NA	Enterocyte	TMEM176B
GUK1	0.707	0.41318431	0.414	0.41318431	0.91	0.904	NA	Enterocyte	GUK1
LGALS3BP	0.706	0.42506598	0.412	0.42506598	0.934	0.904	NA	Enterocyte	LGALS3BP
NR1H4	0.705	0.63161785	0.41	0.63161785	0.512	0.143	NA	Enterocyte	NR1H4
RTN4	0.705	0.585241521	0.41	0.585241521	0.833	0.835	NA	Enterocyte	RTN4
FBXW5	0.705	0.488948302	0.41	0.488948302	0.755	0.664	NA	Enterocyte	FBXW5
SLC51A	0.704	0.624888962	0.408	0.624888962	0.462	0.075	NA	Enterocyte	SLC51A
MYH14	0.704	0.540580083	0.408	0.540580083	0.732	0.608	NA	Enterocyte	MYH14
SPINT1	0.704	0.46695955	0.408	0.46695955	0.81	0.767	NA	Enterocyte	SPINT1
LEAP2	0.701	0.662289348	0.402	0.662289348	0.461	0.088	NA	Enterocyte	LEAP2
CD68	0.701	0.61729811	0.402	0.61729811	0.539	0.225	NA	Enterocyte	CD68
TFF3	0.992	3.141739637	0.984	3.141739637	1	0.995	NA	Goblet	TFF3
FCGBP	0.974	2.944355882	0.948	2.944355882	0.994	0.725	NA	Goblet	FCGBP
KLK11	0.944	2.131519655	0.888	2.131519655	0.955	0.42	NA	Goblet	KLK1
LRRC26	0.913	1.368370477	0.826	1.368370477	0.877	0.159	NA	Goblet	LRRC26
ST6GALNAC11	0.909	1.303026585	0.818	1.303026585	0.926	0.477	NA	Goblet	ST6GALNAC1
ITLN1	0.898	2.293642383	0.796	2.293642383	0.843	0.151	NA	Goblet	ITLN1
REP15	0.884	1.25859502	0.768	1.25859502	0.803	0.078	NA	Goblet	REP15
AGR21	0.878	1.361098549	0.756	1.361098549	0.992	0.905	NA	Goblet	AGR2
SH3BGRL3	0.863	0.958611745	0.726	0.958611745	0.992	0.873	NA	Goblet	SH3BGRL3
RNASE11	0.857	1.285584817	0.714	1.285584817	0.89	0.497	NA	Goblet	RNASE1
CLCA1	0.853	2.763007279	0.706	2.763007279	0.81	0.331	NA	Goblet	CLCA1
HEPACAM2	0.853	1.082043399	0.706	1.082043399	0.802	0.153	NA	Goblet	HEPACAM2
NPDC11	0.831	1.026169747	0.662	1.026169747	0.829	0.354	NA	Goblet	NPDC1
ATOH1	0.819	0.94513795	0.638	0.94513795	0.667	0.052	NA	Goblet	ATOH1
SPINK4	0.818	2.803759058	0.636	2.803759058	0.853	0.603	NA	Goblet	SPINK4
CREB3L11	0.808	0.823387011	0.616	0.823387011	0.77	0.31	NA	Goblet	CREB3L1
SMIM14	0.793	0.785797094	0.586	0.785797094	0.861	0.538	NA	Goblet	SMIM14
TPSG1	0.788	0.874848671	0.576	0.874848671	0.605	0.047	NA	Goblet	TPSG1
GSN	0.787	1.33772723	0.574	1.33772723	0.809	0.402	NA	Goblet	GSN
TSPAN13	0.782	0.724173842	0.564	0.724173842	0.836	0.536	NA	Goblet	TSPAN13
KLF4	0.782	0.701568234	0.564	0.701568234	0.933	0.702	NA	Goblet	KLF4
STARD101	0.779	0.629519305	0.558	0.629519305	0.933	0.65	NA	Goblet	STARD10
SPDEF	0.777	0.751622036	0.554	0.751622036	0.633	0.146	NA	Goblet	SPDEF
SLC12A21	0.777	0.74400381	0.554	0.74400381	0.855	0.499	NA	Goblet	SLC12A2
C12orf571	0.776	0.631854674	0.552	0.631854674	0.913	0.705	NA	Goblet	C12orf57
WFDC21	0.775	1.841396045	0.55	1.841396045	0.735	0.331	NA	Goblet	WFDC2
RPL361	0.771	0.539953215	0.542	0.539953215	0.998	0.999	NA	Goblet	RPL36
RPL381	0.766	0.446309273	0.532	0.446309273	0.994	0.995	NA	Goblet	RPL38
SPINK1	0.762	0.727396394	0.524	0.727396394	0.98	0.918	NA	Goblet	SPINK1
SELK	0.758	0.680399655	0.516	0.680399655	0.887	0.696	NA	Goblet	SELK
XBP1	0.757	0.637691147	0.514	0.637691147	0.879	0.672	NA	Goblet	XBP1
BCAS1	0.755	0.847288925	0.51	0.847288925	0.682	0.277	NA	Goblet	BCAS1
RAB27A	0.749	0.742350119	0.498	0.742350119	0.595	0.164	NA	Goblet	RAB27A
RPS121	0.745	0.507556097	0.49	0.507556097	0.997	0.999	NA	Goblet	RPS12
RPS291	0.745	0.426423377	0.49	0.426423377	1	1	NA	Goblet	RPS29
RPS111	0.744	0.485111755	0.488	0.485111755	0.987	0.984	NA	Goblet	RPS11
FOXA3	0.742	0.613913512	0.484	0.613913512	0.644	0.264	NA	Goblet	FOXA3
SERF2	0.741	0.342340169	0.482	0.342340169	1	0.999	NA	Goblet	SERF2
TPM1	0.737	0.600127989	0.474	0.600127989	0.972	0.913	NA	Goblet	TPM1
HPCAL1	0.733	0.596986105	0.466	0.596986105	0.706	0.39	NA	Goblet	HPCAL1
MLPH	0.732	0.618978423	0.464	0.618978423	0.57	0.167	NA	Goblet	MLPH
SELM	0.729	0.77205573	0.458	0.77205573	0.533	0.107	NA	Goblet	SELM
KRT18	0.727	0.436669889	0.454	0.436669889	0.997	0.984	NA	Goblet	KRT18
ZG16	0.723	3.20408776	0.446	3.20408776	0.908	0.853	NA	Goblet	ZG16
FAM3D1	0.723	0.548622279	0.446	0.548622279	0.966	0.843	NA	Goblet	FAM3D
GLUL1	0.723	0.537555354	0.446	0.537555354	0.756	0.448	NA	Goblet	GLUL
FRZB	0.722	0.656480491	0.444	0.656480491	0.463	0.027	NA	Goblet	FRZB
KIAA13241	0.716	0.513430048	0.432	0.513430048	0.654	0.32	NA	Goblet	KIAA1324
RPLP21	0.715	0.351258175	0.43	0.351258175	0.997	1	NA	Goblet	RPLP2
BEST2	0.714	0.658402148	0.428	0.658402148	0.446	0.026	NA	Goblet	BEST2
MUC11	0.712	0.655008211	0.424	0.655008211	0.763	0.448	NA	Goblet	MUC1
RP11-234B24.2	0.71	0.565142445	0.42	0.565142445	0.473	0.076	NA	Goblet	RP11-234B24.2
RAP1GAP	0.71	0.499150713	0.42	0.499150713	0.464	0.059	NA	Goblet	RAP1GAP
ERGIC1	0.709	0.489008785	0.418	0.489008785	0.726	0.484	NA	Goblet	ERGIC1
RPL27A1	0.709	0.334190433	0.418	0.334190433	0.999	1	NA	Goblet	RPL27A
REG4	0.707	1.910016852	0.414	1.910016852	0.567	0.23	NA	Goblet	REG4
RASD1	0.707	0.653134691	0.414	0.653134691	0.521	0.153	NA	Goblet	RASD1
SCNN1A	0.707	0.538566579	0.414	0.538566579	0.58	0.221	NA	Goblet	SCNN1A
FOSB	0.707	0.511046315	0.414	0.511046315	0.902	0.805	NA	Goblet	FOSB
RPL101	0.706	0.361119915	0.412	0.361119915	1	0.999	NA	Goblet	RPL10
MB	0.703	0.557561268	0.406	0.557561268	0.435	0.043	NA	Goblet	MB
RPS271	0.701	0.329572195	0.402	0.329572195	1	1	NA	Goblet	RPS27
SPIB	0.973	1.803902653	0.946	1.803902653	0.963	0.073	NA	Paneth-like	SPIB
CA7	0.965	3.050454845	0.93	3.050454845	0.949	0.154	NA	Paneth-like	CA7
FKBP1A	0.939	1.37843083	0.878	1.37843083	0.979	0.736	NA	Paneth-like	FKBP1A
CA4	0.909	2.38583485	0.818	2.38583485	0.9	0.245	NA	Paneth-like	CA4
BEST4	0.903	2.194680696	0.806	2.194680696	0.818	0.034	NA	Paneth-like	BEST4
HSPB1	0.899	1.341108046	0.798	1.341108046	0.967	0.507	NA	Paneth-like	HSPB1
TMSB10	0.888	0.883082758	0.776	0.883082758	1	1	NA	Paneth-like	TMSB10
HES4	0.881	0.964301271	0.762	0.964301271	0.809	0.093	NA	Paneth-like	HES4
NBPF14	0.869	0.843546466	0.738	0.843546466	0.797	0.127	NA	Paneth-like	NBPF14
CTSE	0.867	1.006878019	0.734	1.006878019	0.773	0.061	NA	Paneth-like	CTSE
ITM2C	0.862	0.88823699	0.724	0.88823699	0.999	0.926	NA	Paneth-like	ITM2C
NBPF19	0.85	0.707771752	0.7	0.707771752	0.746	0.073	NA	Paneth-like	NBPF19
HEPACAM21	0.846	0.864898027	0.692	0.864898027	0.855	0.209	NA	Paneth-like	HEPACAM2
NEURL1	0.846	0.775949439	0.692	0.775949439	0.775	0.116	NA	Paneth-like	NEURL1
CEACAM6	0.842	1.076544876	0.684	1.076544876	0.821	0.183	NA	Paneth-like	CEACAM6
GMNN	0.838	0.958116791	0.676	0.958116791	0.823	0.318	NA	Paneth-like	GMNN
LYPD8	0.833	1.567855351	0.666	1.567855351	0.802	0.238	NA	Paneth-like	LYPD8
CEACAM5	0.832	0.898306514	0.664	0.898306514	0.925	0.483	NA	Paneth-like	CEACAM5
S100A10	0.83	0.667500741	0.66	0.667500741	1	0.991	NA	Paneth-like	S100A10
LYZ	0.824	1.352690875	0.648	1.352690875	0.744	0.173	NA	Paneth-like	LYZ
OTOP2	0.823	1.650807145	0.646	1.650807145	0.663	0.031	NA	Paneth-like	OTOP2
ID1	0.815	0.970789243	0.63	0.970789243	0.963	0.797	NA	Paneth-like	ID1
HRCT1	0.807	0.861322649	0.614	0.861322649	0.787	0.28	NA	Paneth-like	HRCT1
NOTCH2	0.805	0.607849144	0.61	0.607849144	0.679	0.112	NA	Paneth-like	NOTCH2
H3F3B	0.805	0.573202315	0.61	0.573202315	0.997	0.977	NA	Paneth-like	H3F3B
GRN	0.795	0.569201314	0.59	0.569201314	0.971	0.784	NA	Paneth-like	GRN
CARD16	0.792	0.7077815	0.584	0.7077815	0.863	0.439	NA	Paneth-like	CARD16
IFITM2	0.787	0.62438014	0.574	0.62438014	0.672	0.153	NA	Paneth-like	IFITM2
SLPI1	0.781	0.77758227	0.562	0.77758227	0.785	0.342	NA	Paneth-like	SLPI
S100A11	0.778	0.650527014	0.556	0.650527014	0.967	0.795	NA	Paneth-like	S100A11
GNPTAB	0.777	0.665386053	0.554	0.665386053	0.73	0.273	NA	Paneth-like	GNPTAB
DMBT1	0.772	0.820572959	0.544	0.820572959	0.772	0.266	NA	Paneth-like	DMBT1
HIGD1A	0.772	0.787305236	0.544	0.787305236	0.883	0.588	NA	Paneth-like	HIGD1A
TMEM176B1	0.772	0.568570043	0.544	0.568570043	0.982	0.861	NA	Paneth-like	TMEM176B
GPRC5C	0.772	0.518431757	0.544	0.518431757	0.777	0.33	NA	Paneth-like	GPRC5C
SEPW11	0.769	0.659708412	0.538	0.659708412	0.976	0.794	NA	Paneth-like	SEPW1
S100A6	0.768	0.5327647	0.536	0.5327647	1	1	NA	Paneth-like	S100A6
RHOV	0.766	0.678502851	0.532	0.678502851	0.601	0.103	NA	Paneth-like	RHOV
PROX1	0.763	0.550158829	0.526	0.550158829	0.568	0.052	NA	Paneth-like	PROX1
PHLDA2	0.761	0.722745207	0.522	0.722745207	0.854	0.563	NA	Paneth-like	PHLDA2
VSIG21	0.761	0.699367783	0.522	0.699367783	0.843	0.477	NA	Paneth-like	VSIG2
MSLN	0.758	0.877284905	0.516	0.877284905	0.534	0.025	NA	Paneth-like	MSLN
TSPAN1	0.758	0.49947407	0.516	0.49947407	0.974	0.808	NA	Paneth-like	TSPAN1
HES1	0.757	0.997292565	0.514	0.997292565	0.913	0.69	NA	Paneth-like	HES1
LGALS31	0.756	0.494390546	0.512	0.494390546	1	0.99	NA	Paneth-like	LGALS3
PPDPF	0.756	0.434620121	0.512	0.434620121	0.999	0.995	NA	Paneth-like	PPDPF
PDE4C	0.755	0.578440033	0.51	0.578440033	0.789	0.432	NA	Paneth-like	PDE4C
TPD521	0.755	0.509108418	0.51	0.509108418	0.895	0.676	NA	Paneth-like	TPD52
CD63	0.754	0.448862692	0.508	0.448862692	0.995	0.954	NA	Paneth-like	CD63
TMSB4X	0.753	0.486429731	0.506	0.486429731	1	1	NA	Paneth-like	TMSB4X
C10orf99	0.752	0.726828764	0.504	0.726828764	0.935	0.763	NA	Paneth-like	C10orf99
FABP51	0.752	0.685473557	0.504	0.685473557	0.863	0.496	NA	Paneth-like	FABP5
CYSTM11	0.751	0.552647297	0.502	0.552647297	0.988	0.885	NA	Paneth-like	CYSTM1
ETHE1	0.751	0.548186406	0.502	0.548186406	0.957	0.805	NA	Paneth-like	ETHE1
ARPC2	0.751	0.521367917	0.502	0.521367917	0.958	0.84	NA	Paneth-like	ARPC2
ATP6V0B	0.75	0.468296824	0.5	0.468296824	0.929	0.693	NA	Paneth-like	ATP6V0B
CLIC1	0.749	0.42354422	0.498	0.42354422	0.991	0.926	NA	Paneth-like	CLIC1
MDK1	0.748	0.66352656	0.496	0.66352656	0.959	0.666	NA	Paneth-like	MDK
ARPC3	0.741	0.431155341	0.482	0.431155341	0.963	0.848	NA	Paneth-like	ARPC3
RNASET2	0.739	0.487474958	0.478	0.487474958	0.888	0.662	NA	Paneth-like	RNASET2
SDCBP21	0.738	0.671610115	0.476	0.671610115	0.889	0.542	NA	Paneth-like	SDCBP2
H3F3A1	0.737	0.333951825	0.474	0.333951825	1	0.989	NA	Paneth-like	H3F3A
CCND1	0.735	0.570414729	0.47	0.570414729	0.675	0.303	NA	Paneth-like	CCND1
QSOX11	0.735	0.493634164	0.47	0.493634164	0.747	0.391	NA	Paneth-like	QSOX1
LITAF	0.734	0.479095909	0.468	0.479095909	0.816	0.457	NA	Paneth-like	LITAF
ADRA2A	0.733	0.526085623	0.466	0.526085623	0.515	0.069	NA	Paneth-like	ADRA2A
GSN1	0.73	0.466402322	0.46	0.466402322	0.825	0.439	NA	Paneth-like	GSN
IL18	0.725	0.531695457	0.45	0.531695457	0.694	0.346	NA	Paneth-like	IL18
KRT81	0.725	0.458712372	0.45	0.458712372	1	0.998	NA	Paneth-like	KRT8
SH3KBP1	0.724	0.423374476	0.448	0.423374476	0.696	0.313	NA	Paneth-like	SH3KBP1
MEIS1	0.724	0.390510977	0.448	0.390510977	0.457	0.012	NA	Paneth-like	MEIS1
EPCAM	0.724	0.372432303	0.448	0.372432303	0.999	0.994	NA	Paneth-like	EPCAM
CKB	0.723	1.223967571	0.446	1.223967571	0.885	0.552	NA	Paneth-like	CKB
CFL1	0.723	0.352721265	0.446	0.352721265	0.999	0.994	NA	Paneth-like	CFL1
ID3	0.722	0.751601455	0.444	0.751601455	0.875	0.673	NA	Paneth-like	ID3
TMEM59	0.721	0.382908968	0.442	0.382908968	0.98	0.931	NA	Paneth-like	TMEM59
LGALS91	0.719	0.433019602	0.438	0.433019602	0.813	0.502	NA	Paneth-like	LGALS9
UNC5C	0.716	0.384611084	0.432	0.384611084	0.443	0.014	NA	Paneth-like	UNC5C
ASAH1	0.715	0.388120444	0.43	0.388120444	0.796	0.485	NA	Paneth-like	ASAH1
BSG1	0.714	0.429598745	0.428	0.429598745	0.976	0.866	NA	Paneth-like	BSG
CEACAM7	0.713	0.454943701	0.426	0.454943701	0.584	0.163	NA	Paneth-like	CEACAM7
DNASE2	0.712	0.408852098	0.424	0.408852098	0.559	0.173	NA	Paneth-like	DNASE2
DSTN1	0.71	0.39179931	0.42	0.39179931	0.959	0.835	NA	Paneth-like	DSTN
OSTF1	0.71	0.385975923	0.42	0.385975923	0.675	0.324	NA	Paneth-like	OSTF1
CALM2	0.71	0.380019157	0.42	0.380019157	0.987	0.964	NA	Paneth-like	CALM2
SERP1	0.709	0.340706372	0.418	0.340706372	0.935	0.82	NA	Paneth-like	SERP1
S100A16	0.708	0.436404056	0.416	0.436404056	0.903	0.763	NA	Paneth-like	S100A16
FAU1	0.708	0.256786126	0.416	0.256786126	1	0.996	NA	Paneth-like	FAU
GOLM1	0.707	0.419056651	0.414	0.419056651	0.875	0.594	NA	Paneth-like	GOLM1
FXYD3	0.706	0.724419141	0.412	0.724419141	1	0.944	NA	Paneth-like	FXYD3
NAE1	0.706	0.388309169	0.412	0.388309169	0.619	0.259	NA	Paneth-like	NAE1
PPIC	0.703	0.396941968	0.406	0.396941968	0.833	0.593	NA	Paneth-like	PPIC
ALDH2	0.702	0.395700046	0.404	0.395700046	0.904	0.765	NA	Paneth-like	ALDH2
C4orf48	0.701	0.439156623	0.402	0.439156623	0.864	0.602	NA	Paneth-like	C4orf48
ABCC3	0.701	0.38908153	0.402	0.38908153	0.78	0.458	NA	Paneth-like	ABCC3
PCSK1N	0.959	3.823333056	0.918	3.823333056	0.93	0.078	NA	Enteriendocrine	PCSK1N
SCGN	0.949	1.835012621	0.898	1.835012621	0.898	0.004	NA	Enteriendocrine	SCGN
CPE	0.919	1.56552684	0.838	1.56552684	0.852	0.035	NA	Enteriendocrine	CPE
CRYBA2	0.892	2.245668487	0.784	2.245668487	0.789	0.012	NA	Enteriendocrine	CRYBA2
FEV	0.882	2.07501781	0.764	2.07501781	0.766	0.006	NA	Enteriendocrine	FEV
CHGA	0.872	4.90550038	0.744	4.90550038	0.773	0.092	NA	Enteriendocrine	CHGA
SCG5	0.869	1.580596769	0.738	1.580596769	0.742	0.008	NA	Enteriendocrine	SCG5
TUBA1A	0.866	1.870736355	0.732	1.870736355	0.75	0.042	NA	Enteriendocrine	TUBA1A
INSM1	0.866	1.67156814	0.732	1.67156814	0.734	0.005	NA	Enteriendocrine	INSM1
NEUROD1	0.863	2.031874051	0.726	2.031874051	0.727	0.002	NA	Enteriendocrine	NEUROD1
H3F3B1	0.854	0.980596533	0.708	0.980596533	1	0.978	NA	Enteriendocrine	H3F3B
MARCKSL11	0.832	0.951283406	0.664	0.951283406	0.953	0.632	NA	Enteriendocrine	MARCKSL1
KCTD12	0.825	1.540526057	0.65	1.540526057	0.719	0.145	NA	Enteriendocrine	KCTD12
CHGB	0.821	2.794680441	0.642	2.794680441	0.648	0.013	NA	Enteriendocrine	CHGB
UCP2	0.815	1.055266904	0.63	1.055266904	0.703	0.152	NA	Enteriendocrine	UCP2
MDK2	0.809	1.148491759	0.618	1.148491759	0.938	0.679	NA	Enteriendocrine	MDK
PTMS	0.809	0.80582547	0.618	0.80582547	0.938	0.632	NA	Enteriendocrine	PTMS
CACNA1A	0.808	0.894254357	0.616	0.894254357	0.617	0.004	NA	Enteriendocrine	CACNA1A
SELK1	0.805	0.780920566	0.61	0.780920566	0.961	0.72	NA	Enteriendocrine	SELK
BTG2	0.803	1.24676178	0.606	1.24676178	0.906	0.69	NA	Enteriendocrine	BTG2
TTR	0.795	1.587756568	0.59	1.587756568	0.594	0.009	NA	Enteriendocrine	TTR
PAM	0.795	1.151715607	0.59	1.151715607	0.625	0.057	NA	Enteriendocrine	PAM
MS4A81	0.793	0.910389046	0.586	0.910389046	0.883	0.416	NA	Enteriendocrine	MS4A8
EGR1	0.786	1.328702363	0.572	1.328702363	0.852	0.693	NA	Enteriendocrine	EGR1
C12orf75	0.779	0.89417504	0.558	0.89417504	0.812	0.43	NA	Enteriendocrine	C12orf75
NPDC12	0.779	0.688477935	0.558	0.688477935	0.844	0.416	NA	Enteriendocrine	NPDC1
C9orf16	0.778	0.796718187	0.556	0.796718187	0.891	0.657	NA	Enteriendocrine	C9orf16
NGFRAP11	0.778	0.790793878	0.556	0.790793878	0.789	0.407	NA	Enteriendocrine	NGFRAP1
SCG2	0.777	1.49337133	0.554	1.49337133	0.555	0.002	NA	Enteriendocrine	SCG2
CADPS	0.773	0.673781173	0.546	0.673781173	0.555	0.011	NA	Enteriendocrine	CADPS
NKX2-2	0.769	0.897322556	0.538	0.897322556	0.539	0.003	NA	Enteriendocrine	NKX2-2
JUNB	0.76	1.196838286	0.52	1.196838286	0.945	0.898	NA	Enteriendocrine	JUNB
RAB3B	0.757	1.094513368	0.514	1.094513368	0.523	0.012	NA	Enteriendocrine	RAB3B
VAMP2	0.756	0.727811277	0.512	0.727811277	0.812	0.596	NA	Enteriendocrine	VAMP2
QPCT	0.754	0.851201647	0.508	0.851201647	0.539	0.051	NA	Enteriendocrine	QPCT
HMGN31	0.752	0.800859491	0.504	0.800859491	0.781	0.477	NA	Enteriendocrine	HMGN3
SEC11C	0.75	0.904166676	0.5	0.904166676	0.766	0.489	NA	Enteriendocrine	SEC11C
ATF3	0.749	1.169877032	0.498	1.169877032	0.836	0.687	NA	Enteriendocrine	ATF3
TIMP1	0.747	0.958854234	0.494	0.958854234	0.586	0.146	NA	Enteriendocrine	TIMP1
PCSK1	0.746	1.143672184	0.492	1.143672184	0.492	0.001	NA	Enteriendocrine	PCSK1
UCN3	0.745	1.228977573	0.49	1.228977573	0.492	0.003	NA	Enteriendocrine	UCN3
EID1	0.741	0.623606358	0.482	0.623606358	0.773	0.511	NA	Enteriendocrine	EID1
SMIM6	0.738	0.731708833	0.476	0.731708833	0.555	0.101	NA	Enteriendocrine	SMIM6
FOS	0.735	0.721938743	0.47	0.721938743	0.961	0.965	NA	Enteriendocrine	FOS
GUCY2C	0.735	0.672550172	0.47	0.672550172	0.703	0.363	NA	Enteriendocrine	GUCY2C
RAB26	0.735	0.552040003	0.47	0.552040003	0.516	0.057	NA	Enteriendocrine	RAB26
SSR4	0.735	0.535273992	0.47	0.535273992	0.992	0.914	NA	Enteriendocrine	SSR4
SYT13	0.734	1.300973903	0.468	1.300973903	0.609	0.225	NA	Enteriendocrine	SYT13
GABARAP	0.734	0.59169613	0.468	0.59169613	0.914	0.817	NA	Enteriendocrine	GABARAP
H1FX	0.732	0.727329382	0.464	0.727329382	0.672	0.33	NA	Enteriendocrine	H1FX
HMGN21	0.732	0.532131631	0.464	0.532131631	0.93	0.788	NA	Enteriendocrine	HMGN2
FOSB1	0.73	0.943874613	0.46	0.943874613	0.914	0.817	NA	Enteriendocrine	FOSB
IER2	0.73	0.832696197	0.46	0.832696197	0.914	0.897	NA	Enteriendocrine	IER2
SCG3	0.73	0.754207898	0.46	0.754207898	0.461	0.001	NA	Enteriendocrine	SCG3
MIR7-3HG	0.726	0.757469682	0.452	0.757469682	0.453	0.001	NA	Enteriendocrine	MIR7-3HG
PYY	0.725	5.169148108	0.45	5.169148108	0.531	0.149	NA	Enteriendocrine	PYY
MIF	0.724	0.536447892	0.448	0.536447892	0.93	0.851	NA	Enteriendocrine	MIF
SCT	0.722	2.087774836	0.444	2.087774836	0.477	0.051	NA	Enteriendocrine	SCT
VWA5B2	0.722	0.631180111	0.444	0.631180111	0.445	0.002	NA	Enteriendocrine	VWA5B2
GCH1	0.72	0.78853966	0.44	0.78853966	0.508	0.102	NA	Enteriendocrine	GCH1
SNRPN	0.72	0.583966313	0.44	0.583966313	0.594	0.216	NA	Enteriendocrine	SNRPN
SLC29A4	0.719	0.495378334	0.438	0.495378334	0.445	0.011	NA	Enteriendocrine	SLC29A4
ETV1	0.717	0.815963499	0.434	0.815963499	0.438	0.005	NA	Enteriendocrine	ETV1
LUC7L3	0.717	0.50678264	0.434	0.50678264	0.82	0.574	NA	Enteriendocrine	LUC7L3
AES	0.717	0.502752092	0.434	0.502752092	0.859	0.627	NA	Enteriendocrine	AES
GCLC	0.716	0.905486033	0.432	0.905486033	0.516	0.119	NA	Enteriendocrine	GCLC
DDX5	0.715	0.625467373	0.43	0.625467373	0.898	0.868	NA	Enteriendocrine	DDX5
SEPW12	0.713	0.448888364	0.426	0.448888364	0.953	0.802	NA	Enteriendocrine	SEPW1
ARFGEF3	0.712	0.690138792	0.424	0.690138792	0.539	0.163	NA	Enteriendocrine	ARFGEF3
ZNF428	0.712	0.548270041	0.424	0.548270041	0.641	0.325	NA	Enteriendocrine	ZNF428
BEX2	0.712	0.545699938	0.424	0.545699938	0.516	0.131	NA	Enteriendocrine	BEX2
NISCH	0.711	0.729593753	0.422	0.729593753	0.516	0.126	NA	Enteriendocrine	NISCH
PTPRN2	0.711	0.669036917	0.422	0.669036917	0.492	0.095	NA	Enteriendocrine	PTPRN2
MYL6B	0.711	0.646989432	0.422	0.646989432	0.555	0.21	NA	Enteriendocrine	MYL6B
GNG2	0.709	0.771456271	0.418	0.771456271	0.422	0.007	NA	Enteriendocrine	GNG2
C6orf481	0.709	0.487701761	0.418	0.487701761	0.773	0.518	NA	Enteriendocrine	C6orf48
CEP126	0.708	0.617008031	0.416	0.617008031	0.438	0.03	NA	Enteriendocrine	CEP126
GCG	0.707	4.071249314	0.414	4.071249314	0.438	0.038	NA	Enteriendocrine	GCG
TFF1	0.707	0.852803673	0.414	0.852803673	0.633	0.292	NA	Enteriendocrine	TFF1
NAP1L11	0.707	0.49310357	0.414	0.49310357	0.734	0.414	NA	Enteriendocrine	NAP1L1
KIAA13242	0.706	0.491885724	0.412	0.491885724	0.68	0.364	NA	Enteriendocrine	KIAA1324
DNAJC12	0.705	0.865774233	0.41	0.865774233	0.461	0.07	NA	Enteriendocrine	DNAJC12
JUND	0.704	0.60073927	0.408	0.60073927	0.883	0.802	NA	Enteriendocrine	JUND
RIMBP2	0.702	0.456655896	0.404	0.456655896	0.406	0.003	NA	Enteriendocrine	RIMBP2
CBX6	0.701	0.678097838	0.402	0.678097838	0.406	0.006	NA	Enteriendocrine	CBX6
ADH1C1	0.854	0.995300125	0.708	0.995300125	0.934	0.419	NA	Progenitor	ADH1C
TXN1	0.809	0.546887308	0.618	0.546887308	0.995	0.964	NA	Progenitor	TXN
ATP5G11	0.79	0.567251894	0.58	0.567251894	0.988	0.828	NA	Progenitor	ATP5G1
RPL61	0.789	0.60873822	0.578	0.60873822	0.997	0.943	NA	Progenitor	RPL6
RPLP01	0.787	0.55227329	0.574	0.55227329	0.999	0.976	NA	Progenitor	RPLP0
UQCRH1	0.786	0.453624988	0.572	0.453624988	0.996	0.932	NA	Progenitor	UQCRH
PIGR2	0.783	0.882547227	0.566	0.882547227	0.996	0.889	NA	Progenitor	PIGR
GPX21	0.782	0.707078841	0.564	0.707078841	0.947	0.588	NA	Progenitor	GPX2
PPP1R1B1	0.78	0.580267941	0.56	0.580267941	0.926	0.481	NA	Progenitor	PPP1R1B
RPL51	0.778	0.585509719	0.556	0.585509719	0.998	0.947	NA	Progenitor	RPL5
RPL151	0.778	0.578279119	0.556	0.578279119	0.999	0.982	NA	Progenitor	RPL15
MGST12	0.776	0.633508175	0.552	0.633508175	0.951	0.648	NA	Progenitor	MGST1
RPSA1	0.776	0.63032828	0.552	0.63032828	0.996	0.916	NA	Progenitor	RPSA
CD241	0.771	0.777105916	0.542	0.777105916	0.881	0.504	NA	Progenitor	CD24
RPS171	0.771	0.558139306	0.542	0.558139306	0.999	0.983	NA	Progenitor	RPS17
RPS161	0.77	0.497506814	0.54	0.497506814	1	0.985	NA	Progenitor	RPS16
RPL10A1	0.769	0.571010066	0.538	0.571010066	0.998	0.962	NA	Progenitor	RPL10A
RPS71	0.768	0.5565863	0.536	0.5565863	0.998	0.95	NA	Progenitor	RPS7
RPL42	0.767	0.591352821	0.534	0.591352821	0.987	0.823	NA	Progenitor	RPL4
RPL81	0.767	0.404484641	0.534	0.404484641	1	0.998	NA	Progenitor	RPL8
RPS61	0.766	0.582525822	0.532	0.582525822	0.999	0.996	NA	Progenitor	RPS6
CYBA1	0.766	0.530176021	0.532	0.530176021	0.986	0.768	NA	Progenitor	CYBA
C1QBP1	0.765	0.560510362	0.53	0.560510362	0.896	0.499	NA	Progenitor	C1QBP
RPS22	0.763	0.614342526	0.526	0.614342526	0.999	0.981	NA	Progenitor	RPS2
RPL18A1	0.762	0.487653401	0.524	0.487653401	1	0.995	NA	Progenitor	RPL18A
RPL271	0.762	0.449654548	0.524	0.449654548	0.997	0.97	NA	Progenitor	RPL27
RPL71	0.761	0.531952933	0.522	0.531952933	0.999	0.988	NA	Progenitor	RPL7
YBX11	0.759	0.475455202	0.518	0.475455202	0.989	0.919	NA	Progenitor	YBX1
RPS181	0.758	0.509262853	0.516	0.509262853	1	0.999	NA	Progenitor	RPS18
RPS27A1	0.758	0.429379641	0.516	0.429379641	1	0.997	NA	Progenitor	RPS27A
RPL13A1	0.754	0.433970393	0.508	0.433970393	1	1	NA	Progenitor	RPL13A
PPIA1	0.754	0.433804847	0.508	0.433804847	0.995	0.934	NA	Progenitor	PPIA
RPL231	0.753	0.479559112	0.506	0.479559112	0.996	0.932	NA	Progenitor	RPL23
ATP5G3	0.753	0.382999964	0.506	0.382999964	0.993	0.961	NA	Progenitor	ATP5G3
RPS81	0.751	0.518195465	0.502	0.518195465	1	0.99	NA	Progenitor	RPS8
RPL33	0.751	0.484112473	0.502	0.484112473	1	0.995	NA	Progenitor	RPL3
RPL221	0.751	0.464676807	0.502	0.464676807	0.998	0.955	NA	Progenitor	RPL22
RPLP11	0.75	0.458204534	0.5	0.458204534	1	1	NA	Progenitor	RPLP1
RPS101	0.75	0.434411663	0.5	0.434411663	0.999	0.984	NA	Progenitor	RPS10
RPS191	0.749	0.449699563	0.498	0.449699563	1	0.997	NA	Progenitor	RPS19
RPS31	0.747	0.473490863	0.494	0.473490863	1	0.999	NA	Progenitor	RPS3
RPS51	0.747	0.46088125	0.494	0.46088125	1	0.978	NA	Progenitor	RPS5
RPS211	0.747	0.431855276	0.494	0.431855276	1	0.986	NA	Progenitor	RPS21
TSPO1	0.747	0.423355812	0.494	0.423355812	0.983	0.874	NA	Progenitor	TSPO
RPL211	0.746	0.415482092	0.492	0.415482092	1	0.998	NA	Progenitor	RPL21
RPS281	0.746	0.402990918	0.492	0.402990918	1	0.999	NA	Progenitor	RPS28
RPL191	0.746	0.389953174	0.492	0.389953174	1	0.997	NA	Progenitor	RPL19
MLEC1	0.745	0.458772594	0.49	0.458772594	0.924	0.573	NA	Progenitor	MLEC
RPL7A1	0.744	0.415847252	0.488	0.415847252	0.999	0.989	NA	Progenitor	RPL7A
RPS131	0.743	0.46213479	0.486	0.46213479	0.998	0.976	NA	Progenitor	RPS13
NACA1	0.743	0.396011353	0.486	0.396011353	0.995	0.962	NA	Progenitor	NACA
SLC25A61	0.742	0.394426402	0.484	0.394426402	0.997	0.962	NA	Progenitor	SLC25A6
RPS91	0.742	0.384133674	0.484	0.384133674	1	0.996	NA	Progenitor	RPS9
EEF1A11	0.74	0.399439219	0.48	0.399439219	1	0.999	NA	Progenitor	EEF1A1
FABP52	0.738	0.541842537	0.476	0.541842537	0.816	0.395	NA	Progenitor	FABP5
RPS4X1	0.738	0.465264277	0.476	0.465264277	1	0.995	NA	Progenitor	RPS4X
RPS3A1	0.738	0.463570205	0.476	0.463570205	1	0.992	NA	Progenitor	RPS3A
LCN2	0.737	0.639834974	0.474	0.639834974	0.873	0.471	NA	Progenitor	LCN2
RPL261	0.736	0.432951641	0.472	0.432951641	1	0.996	NA	Progenitor	RPL26
ATP5F11	0.736	0.413892547	0.472	0.413892547	0.952	0.72	NA	Progenitor	ATP5F1
RPS241	0.734	0.428897229	0.468	0.428897229	1	0.991	NA	Progenitor	RPS24
RPLP22	0.734	0.385335687	0.468	0.385335687	1	0.999	NA	Progenitor	RPLP2
GNB2L11	0.733	0.400825074	0.466	0.400825074	0.999	0.984	NA	Progenitor	GNB2L1
RPS141	0.733	0.361439518	0.466	0.361439518	1	1	NA	Progenitor	RPS14
RPL351	0.731	0.385277445	0.462	0.385277445	1	0.992	NA	Progenitor	RPL35
RPL181	0.731	0.347692076	0.462	0.347692076	1	0.996	NA	Progenitor	RPL18
RPL91	0.73	0.373592351	0.46	0.373592351	1	0.996	NA	Progenitor	RPL9
RPL281	0.73	0.322953096	0.46	0.322953096	1	0.999	NA	Progenitor	RPL28
COX5A	0.729	0.322817184	0.458	0.322817184	0.991	0.958	NA	Progenitor	COX5A
PABPC11	0.728	0.426202539	0.456	0.426202539	0.982	0.852	NA	Progenitor	PABPC1
EBPL1	0.728	0.40761568	0.456	0.40761568	0.746	0.318	NA	Progenitor	EBPL
MRPL12	0.728	0.390710701	0.456	0.390710701	0.935	0.616	NA	Progenitor	MRPL12
RPL301	0.728	0.380984749	0.456	0.380984749	0.999	0.992	NA	Progenitor	RPL30
RPL23A1	0.728	0.380027088	0.456	0.380027088	0.999	0.993	NA	Progenitor	RPL23A
RPL131	0.727	0.417006881	0.454	0.417006881	1	0.997	NA	Progenitor	RPL13
RPS292	0.727	0.367713866	0.454	0.367713866	1	1	NA	Progenitor	RPS29
RPL111	0.727	0.31576507	0.454	0.31576507	1	0.999	NA	Progenitor	RPL11
RPL171	0.726	0.428716927	0.452	0.428716927	0.989	0.904	NA	Progenitor	RPL17
RPS15A1	0.725	0.404698781	0.45	0.404698781	1	0.995	NA	Progenitor	RPS15A
RPL241	0.725	0.359093452	0.45	0.359093452	0.999	0.98	NA	Progenitor	RPL24
RPL391	0.724	0.436595506	0.448	0.436595506	1	0.996	NA	Progenitor	RPL39
CYC11	0.724	0.370666353	0.448	0.370666353	0.974	0.819	NA	Progenitor	CYC1
PLA2G2A	0.723	0.742860587	0.446	0.742860587	0.845	0.54	NA	Progenitor	PLA2G2A
FAM162A1	0.723	0.433176056	0.446	0.433176056	0.934	0.691	NA	Progenitor	FAM162A
RPS231	0.723	0.379699472	0.446	0.379699472	0.999	0.995	NA	Progenitor	RPS23
HINT1	0.721	0.294118409	0.442	0.294118409	0.993	0.975	NA	Progenitor	HINT1
ATP5L	0.721	0.285667269	0.442	0.285667269	0.996	0.974	NA	Progenitor	ATP5L
COX7C	0.721	0.254009367	0.442	0.254009367	0.999	0.994	NA	Progenitor	COX7C
ATP5G21	0.719	0.331744093	0.438	0.331744093	0.993	0.935	NA	Progenitor	ATP5G2
RPL411	0.719	0.295801909	0.438	0.295801909	1	1	NA	Progenitor	RPL41
RPL321	0.718	0.404326429	0.436	0.404326429	1	0.997	NA	Progenitor	RPL32
COMMD61	0.717	0.358977229	0.434	0.358977229	0.971	0.79	NA	Progenitor	COMMD6
RPL37A1	0.716	0.372327962	0.432	0.372327962	1	0.997	NA	Progenitor	RPL37A
USMG5	0.716	0.341565079	0.432	0.341565079	0.993	0.955	NA	Progenitor	USMG5
EIF3L1	0.715	0.397502851	0.43	0.397502851	0.918	0.598	NA	Progenitor	EIF3L
RPL102	0.715	0.347473338	0.43	0.347473338	1	0.999	NA	Progenitor	RPL10
LEFTY11	0.713	0.533252042	0.426	0.533252042	0.663	0.247	NA	Progenitor	LEFTY1
HNRNPA11	0.713	0.472979306	0.426	0.472979306	0.993	0.901	NA	Progenitor	HNRNPA1
RPL311	0.713	0.36555766	0.426	0.36555766	1	0.994	NA	Progenitor	RPL31
CFTR	0.713	0.338564024	0.426	0.338564024	0.599	0.192	NA	Progenitor	CFTR
C15orf481	0.712	0.425214458	0.424	0.425214458	0.995	0.986	NA	Progenitor	C15orf48
TUFM	0.712	0.359808767	0.424	0.359808767	0.949	0.723	NA	Progenitor	TUFM
ATP5A1	0.712	0.356229339	0.424	0.356229339	0.97	0.806	NA	Progenitor	ATP5A1
RPL341	0.712	0.341765034	0.424	0.341765034	1	0.999	NA	Progenitor	RPL34
RPL35A1	0.712	0.332846162	0.424	0.332846162	1	0.994	NA	Progenitor	RPL35A
UQCRFS1	0.711	0.359350212	0.422	0.359350212	0.953	0.754	NA	Progenitor	UQCRFS1
RPL27A2	0.711	0.330892554	0.422	0.330892554	1	0.999	NA	Progenitor	RPL27A
CD91	0.71	0.411317611	0.42	0.411317611	0.97	0.809	NA	Progenitor	CD9
RPS201	0.71	0.353962553	0.42	0.353962553	0.998	0.962	NA	Progenitor	RPS20
HMGCS21	0.709	0.454034018	0.418	0.454034018	0.829	0.455	NA	Progenitor	HMGCS2
SELENBP11	0.709	0.417451339	0.418	0.417451339	0.937	0.659	NA	Progenitor	SELENBP1
RPL36A1	0.709	0.391118759	0.418	0.391118759	1	0.958	NA	Progenitor	RPL36A
GOLM11	0.708	0.403563765	0.416	0.403563765	0.859	0.508	NA	Progenitor	GOLM1
HSPE1	0.706	0.374204231	0.412	0.374204231	0.975	0.843	NA	Progenitor	HSPE1
PHB1	0.706	0.366657161	0.412	0.366657161	0.906	0.606	NA	Progenitor	PHB
RBM31	0.705	0.396831037	0.41	0.396831037	0.911	0.607	NA	Progenitor	RBM3
RPS122	0.705	0.389666005	0.41	0.389666005	1	0.998	NA	Progenitor	RPS12
APRT	0.705	0.359141254	0.41	0.359141254	0.957	0.75	NA	Progenitor	APRT
TRABD2A1	0.704	0.326415752	0.408	0.326415752	0.724	0.32	NA	Progenitor	TRABD2A
RPL141	0.704	0.326004274	0.408	0.326004274	0.999	0.99	NA	Progenitor	RPL14
EIF3E1	0.703	0.406120467	0.406	0.406120467	0.933	0.677	NA	Progenitor	EIF3E
RPL291	0.703	0.283881262	0.406	0.283881262	1	0.997	NA	Progenitor	RPL29
IMPDH21	0.702	0.395193784	0.404	0.395193784	0.79	0.396	NA	Progenitor	IMPDH2
RPL371	0.702	0.325652512	0.404	0.325652512	1	0.994	NA	Progenitor	RPL37
MINOS1	0.702	0.31948344	0.404	0.31948344	0.98	0.869	NA	Progenitor	MINOS1
HMGB2	0.968	1.64066509	0.936	1.64066509	0.99	0.427	NA	TA	HMGB2
H2AFZ1	0.966	1.427767571	0.932	1.427767571	0.994	0.718	NA	TA	H2AFZ
STMN1	0.952	1.355763165	0.904	1.355763165	0.975	0.255	NA	TA	STMN1
TUBA1B	0.945	1.375294978	0.89	1.375294978	0.995	0.721	NA	TA	TUBA1B
HMGB11	0.939	1.061958592	0.878	1.061958592	0.999	0.89	NA	TA	HMGB1
TUBB	0.936	1.274438549	0.872	1.274438549	0.985	0.52	NA	TA	TUBB
HMGN22	0.935	1.151627579	0.87	1.151627579	0.997	0.772	NA	TA	HMGN2
PTMA1	0.924	0.896937283	0.848	0.896937283	1	0.989	NA	TA	PTMA
KIAA0101	0.911	1.20097754	0.822	1.20097754	0.881	0.127	NA	TA	KIAA0101
TK1	0.906	0.955703071	0.812	0.955703071	0.864	0.099	NA	TA	TK1
CENPW	0.891	0.70862452	0.782	0.70862452	0.866	0.125	NA	TA	CENPW
TYMS	0.888	0.803179035	0.776	0.803179035	0.849	0.125	NA	TA	TYMS
RANBP11	0.882	0.893294566	0.764	0.893294566	0.961	0.57	NA	TA	RANBP1
IDH21	0.879	0.838799943	0.758	0.838799943	0.963	0.514	NA	TA	IDH2
RAN1	0.873	0.778816032	0.746	0.778816032	0.982	0.682	NA	TA	RAN
DTYMK	0.866	0.627081006	0.732	0.627081006	0.845	0.175	NA	TA	DTYMK
NUCKS11	0.863	0.760089169	0.726	0.760089169	0.966	0.524	NA	TA	NUCKS1
DUT1	0.862	0.936815052	0.724	0.936815052	0.936	0.439	NA	TA	DUT
CKS1B	0.862	0.752079848	0.724	0.752079848	0.886	0.312	NA	TA	CKS1B
ZWINT	0.862	0.579202411	0.724	0.579202411	0.815	0.117	NA	TA	ZWINT
DEK	0.86	0.696055007	0.72	0.696055007	0.963	0.571	NA	TA	DEK
RRM2	0.857	0.72542617	0.714	0.72542617	0.744	0.039	NA	TA	RRM2
SMC4	0.855	0.650989596	0.71	0.650989596	0.852	0.212	NA	TA	SMC4
MAD2L1	0.851	0.549114303	0.702	0.549114303	0.754	0.068	NA	TA	MAD2L1
BIRC5	0.849	0.745665759	0.698	0.745665759	0.731	0.045	NA	TA	BIRC5
CENPM	0.848	0.616891895	0.696	0.616891895	0.772	0.099	NA	TA	CENPM
MKI67	0.847	0.731226717	0.694	0.731226717	0.727	0.044	NA	TA	MKI67
UBE2C	0.846	1.122588635	0.692	1.122588635	0.73	0.06	NA	TA	UBE2C
TOP2A	0.844	0.997371542	0.688	0.997371542	0.716	0.042	NA	TA	TOP2A
SNRPB1	0.844	0.644102986	0.688	0.644102986	0.967	0.612	NA	TA	SNRPB
PPIA2	0.844	0.556529145	0.688	0.556529145	1	0.948	NA	TA	PPIA
NAP1L12	0.843	0.729262084	0.686	0.729262084	0.916	0.376	NA	TA	NAP1L1
CKS2	0.837	0.876896634	0.674	0.876896634	0.87	0.326	NA	TA	CKS2
LSM51	0.837	0.628622043	0.674	0.628622043	0.964	0.59	NA	TA	LSM5
ANP32B	0.836	0.585247464	0.672	0.585247464	0.977	0.67	NA	TA	ANP32B
H2AFV	0.833	0.612440154	0.666	0.612440154	0.973	0.64	NA	TA	H2AFV
HSPD11	0.832	0.686782934	0.664	0.686782934	0.96	0.624	NA	TA	HSPD1
SMC2	0.83	0.483406495	0.66	0.483406495	0.744	0.101	NA	TA	SMC2
HMGN11	0.829	0.604309495	0.658	0.604309495	0.985	0.8	NA	TA	HMGN1
SNRPD11	0.825	0.578139991	0.65	0.578139991	0.961	0.554	NA	TA	SNRPD1
CCDC34	0.825	0.512675447	0.65	0.512675447	0.816	0.213	NA	TA	CCDC34
UBE2T	0.825	0.487164415	0.65	0.487164415	0.718	0.082	NA	TA	UBE2T
RPSA2	0.824	0.654725664	0.648	0.654725664	1	0.933	NA	TA	RPSA
PLP21	0.824	0.617901808	0.648	0.617901808	0.972	0.617	NA	TA	PLP2
HMGA1	0.823	0.657999833	0.646	0.657999833	0.966	0.638	NA	TA	HMGA1
HNRNPA12	0.823	0.626443125	0.646	0.626443125	0.999	0.922	NA	TA	HNRNPA1
GSTP11	0.823	0.551856667	0.646	0.551856667	0.995	0.929	NA	TA	GSTP1
LMNB1	0.823	0.468126122	0.646	0.468126122	0.747	0.12	NA	TA	LMNB1
CDKN3	0.822	0.669745062	0.644	0.669745062	0.685	0.055	NA	TA	CDKN3
NUDT1	0.819	0.455334591	0.638	0.455334591	0.775	0.151	NA	TA	NUDT1
HIST1H4C	0.818	1.812263995	0.636	1.812263995	0.912	0.562	NA	TA	HIST1H4C
PTTG1	0.817	1.034577438	0.634	1.034577438	0.702	0.099	NA	TA	PTTG1
HSP90AA1	0.816	0.605353634	0.632	0.605353634	0.996	0.893	NA	TA	HSP90AA1
NUSAP1	0.815	0.575963299	0.63	0.575963299	0.652	0.026	NA	TA	NUSAP1
CDK1	0.811	0.56181111	0.622	0.56181111	0.644	0.025	NA	TA	CDK1
RPS32	0.811	0.558505431	0.622	0.558505431	1	0.999	NA	TA	RPS3
RPLP12	0.809	0.50839591	0.618	0.50839591	1	1	NA	TA	RPLP1
RPA3	0.808	0.529366281	0.616	0.529366281	0.887	0.382	NA	TA	RPA3
OLFM4	0.807	1.094136551	0.614	1.094136551	0.954	0.628	NA	TA	OLFM4
DHFR	0.806	0.505063056	0.612	0.505063056	0.736	0.147	NA	TA	DHFR
SIVA1	0.805	0.553278291	0.61	0.553278291	0.96	0.643	NA	TA	SIVA1
PBK	0.805	0.477980191	0.61	0.477980191	0.63	0.022	NA	TA	PBK
RPL352	0.801	0.450705116	0.602	0.450705116	1	0.994	NA	TA	RPL35
STRA13	0.8	0.626222212	0.6	0.626222212	0.949	0.639	NA	TA	STRA13
RPLP02	0.8	0.513585762	0.6	0.513585762	1	0.981	NA	TA	RPLP0
PA2G4	0.798	0.544928807	0.596	0.544928807	0.943	0.555	NA	TA	PA2G4
MZT2A	0.798	0.483791077	0.596	0.483791077	0.975	0.717	NA	TA	MZT2A
SNRPF1	0.797	0.496833086	0.594	0.496833086	0.971	0.655	NA	TA	SNRPF
RPS26	0.795	0.624424357	0.59	0.624424357	1	0.985	NA	TA	RPS2
MCM7	0.795	0.521662469	0.59	0.521662469	0.759	0.205	NA	TA	MCM7
ASF1B	0.795	0.411311775	0.59	0.411311775	0.625	0.037	NA	TA	ASF1B
PRC1	0.794	0.433276011	0.588	0.433276011	0.616	0.031	NA	TA	PRC1
GGH1	0.792	0.521411109	0.584	0.521411109	0.835	0.318	NA	TA	GGH
LSM4	0.792	0.506285142	0.584	0.506285142	0.963	0.684	NA	TA	LSM4
NPM11	0.789	0.594690669	0.578	0.594690669	0.989	0.81	NA	TA	NPM1
HNRNPA31	0.789	0.477644801	0.578	0.477644801	0.984	0.658	NA	TA	HNRNPA3
IMPDH22	0.788	0.533729685	0.576	0.533729685	0.934	0.474	NA	TA	IMPDH2
RPS3A2	0.788	0.529571379	0.576	0.529571379	1	0.994	NA	TA	RPS3A
NASP	0.787	0.46329805	0.574	0.46329805	0.809	0.274	NA	TA	NASP
RRM1	0.787	0.412679181	0.574	0.412679181	0.694	0.133	NA	TA	RRM1
RPS52	0.786	0.495985393	0.572	0.495985393	1	0.983	NA	TA	RPS5
CCNA2	0.786	0.481416156	0.572	0.481416156	0.589	0.02	NA	TA	CCNA2
RNASEH2A	0.786	0.387445202	0.572	0.387445202	0.647	0.081	NA	TA	RNASEH2A
SNRPG	0.785	0.478314409	0.57	0.478314409	0.981	0.744	NA	TA	SNRPG
CENPF	0.784	0.711557825	0.568	0.711557825	0.6	0.039	NA	TA	CENPF
FBL1	0.784	0.486737461	0.568	0.486737461	0.951	0.524	NA	TA	FBL
CKLF	0.784	0.463901051	0.568	0.463901051	0.9	0.443	NA	TA	CKLF
CDT1	0.783	0.391056432	0.566	0.391056432	0.637	0.075	NA	TA	CDT1
RAD51AP1	0.783	0.361178438	0.566	0.361178438	0.594	0.029	NA	TA	RAD51AP1
RPS172	0.782	0.53292598	0.564	0.53292598	1	0.987	NA	TA	RPS17
MLEC2	0.782	0.506530734	0.564	0.506530734	0.978	0.648	NA	TA	MLEC
LSM3	0.782	0.454164269	0.564	0.454164269	0.952	0.672	NA	TA	LSM3
RPS62	0.781	0.554428249	0.562	0.554428249	1	0.997	NA	TA	RPS6
RPL7A2	0.78	0.436222725	0.56	0.436222725	0.999	0.991	NA	TA	RPL7A
PCNA	0.779	0.604861948	0.558	0.604861948	0.759	0.264	NA	TA	PCNA
RPS212	0.779	0.451757608	0.558	0.451757608	1	0.989	NA	TA	RPS21
CDK41	0.778	0.451537178	0.556	0.451537178	0.786	0.277	NA	TA	CDK4
RPS102	0.778	0.451165971	0.556	0.451165971	0.999	0.987	NA	TA	RPS10
TMPO	0.778	0.416209367	0.556	0.416209367	0.802	0.269	NA	TA	TMPO
RPL43	0.776	0.551591166	0.552	0.551591166	0.995	0.86	NA	TA	RPL4
BANF11	0.776	0.460525538	0.552	0.460525538	0.947	0.548	NA	TA	BANF1
RPS192	0.776	0.454286238	0.552	0.454286238	1	0.998	NA	TA	RPS19
GGCT	0.775	0.507698832	0.55	0.507698832	0.876	0.444	NA	TA	GGCT
RPS182	0.775	0.495006907	0.55	0.495006907	1	0.999	NA	TA	RPS18
H2AFX	0.775	0.461466456	0.55	0.461466456	0.755	0.239	NA	TA	H2AFX
KIF20B	0.775	0.398360374	0.55	0.398360374	0.608	0.058	NA	TA	KIF20B
CDC20	0.774	0.678405929	0.548	0.678405929	0.576	0.036	NA	TA	CDC20
RPS232	0.774	0.435906636	0.548	0.435906636	1	0.996	NA	TA	RPS23
LSM21	0.773	0.42464885	0.546	0.42464885	0.884	0.429	NA	TA	LSM2
EEF1B2	0.773	0.423851528	0.546	0.423851528	0.999	0.97	NA	TA	EEF1B2
TPX2	0.773	0.410124367	0.546	0.410124367	0.566	0.022	NA	TA	TPX2
RAD21	0.772	0.469033516	0.544	0.469033516	0.826	0.343	NA	TA	RAD21
YBX12	0.772	0.453242868	0.544	0.453242868	0.996	0.935	NA	TA	YBX1
CENPK	0.772	0.348692301	0.544	0.348692301	0.589	0.043	NA	TA	CENPK
CDCA7	0.771	0.478797757	0.542	0.478797757	0.777	0.246	NA	TA	CDCA7
HMGB3	0.771	0.425839706	0.542	0.425839706	0.792	0.28	NA	TA	HMGB3
POLD21	0.771	0.406852009	0.542	0.406852009	0.794	0.284	NA	TA	POLD2
CENPN	0.771	0.345816166	0.542	0.345816166	0.615	0.078	NA	TA	CENPN
UBE2S	0.77	0.51211516	0.54	0.51211516	0.705	0.199	NA	TA	UBE2S
RPL310	0.77	0.470260218	0.54	0.470260218	1	0.996	NA	TA	RPL3
AURKB	0.77	0.455195341	0.54	0.455195341	0.557	0.018	NA	TA	AURKB
RPL72	0.769	0.503882649	0.538	0.503882649	0.999	0.991	NA	TA	RPL7
NCL1	0.769	0.491938963	0.538	0.491938963	0.954	0.597	NA	TA	NCL
MZT2B1	0.769	0.453496853	0.538	0.453496853	0.974	0.739	NA	TA	MZT2B
MGST13	0.768	0.552427429	0.536	0.552427429	0.981	0.715	NA	TA	MGST1
SET1	0.768	0.478084433	0.536	0.478084433	0.958	0.624	NA	TA	SET
PAFAH1B3	0.768	0.381535543	0.536	0.381535543	0.814	0.302	NA	TA	PAFAH1B3
ITGB3BP	0.768	0.351607329	0.536	0.351607329	0.657	0.127	NA	TA	ITGB3BP
SRSF3	0.766	0.469155721	0.532	0.469155721	0.974	0.741	NA	TA	SRSF3
MIF1	0.766	0.440388074	0.532	0.440388074	0.981	0.842	NA	TA	MIF
RPS4X2	0.765	0.515788113	0.53	0.515788113	1	0.996	NA	TA	RPS4X
SYCE1L	0.764	0.431296964	0.528	0.431296964	0.713	0.189	NA	TA	SYCE1L
RPS82	0.763	0.494538416	0.526	0.494538416	1	0.992	NA	TA	RPS8
RPL36A2	0.763	0.48681339	0.526	0.48681339	1	0.967	NA	TA	RPL36A
CBX3	0.763	0.421417879	0.526	0.421417879	0.934	0.546	NA	TA	CBX3
H3F3A2	0.763	0.371406227	0.526	0.371406227	0.998	0.989	NA	TA	H3F3A
RPL82	0.763	0.35697388	0.526	0.35697388	1	0.999	NA	TA	RPL8
C1QBP2	0.762	0.501527777	0.524	0.501527777	0.946	0.585	NA	TA	C1QBP
DNAJC9	0.762	0.362733295	0.524	0.362733295	0.673	0.156	NA	TA	DNAJC9
SKA2	0.761	0.342045272	0.522	0.342045272	0.672	0.15	NA	TA	SKA2
HNRNPA2B1	0.76	0.442580247	0.52	0.442580247	0.997	0.871	NA	TA	HNRNPA2B1
BUB3	0.76	0.422276038	0.52	0.422276038	0.778	0.302	NA	TA	BUB3
SGOL1	0.76	0.328318102	0.52	0.328318102	0.542	0.022	NA	TA	SGOL1
FABP53	0.759	0.71305715	0.518	0.71305715	0.906	0.483	NA	TA	FABP5
COTL1	0.759	0.445286389	0.518	0.445286389	0.857	0.397	NA	TA	COTL1
SERBP11	0.759	0.429271826	0.518	0.429271826	0.962	0.699	NA	TA	SERBP1
AHCY	0.759	0.408145605	0.518	0.408145605	0.855	0.399	NA	TA	AHCY
ILF2	0.759	0.400129249	0.518	0.400129249	0.849	0.387	NA	TA	ILF2
KPNB1	0.759	0.391447158	0.518	0.391447158	0.867	0.402	NA	TA	KPNB1
C19orf48	0.758	0.386381228	0.516	0.386381228	0.772	0.261	NA	TA	C19orf48
ANP32E	0.758	0.360594385	0.516	0.360594385	0.654	0.145	NA	TA	ANP32E
NAA381	0.757	0.422399898	0.514	0.422399898	0.97	0.699	NA	TA	NAA38
MIS18A	0.757	0.303451324	0.514	0.303451324	0.607	0.094	NA	TA	MIS18A
LBR	0.756	0.396168486	0.512	0.396168486	0.757	0.263	NA	TA	LBR
PSIP1	0.756	0.339947812	0.512	0.339947812	0.681	0.174	NA	TA	PSIP1
RPL152	0.755	0.475021444	0.51	0.475021444	1	0.986	NA	TA	RPL15
GINS2	0.755	0.412345877	0.51	0.412345877	0.589	0.086	NA	TA	GINS2
TOMM40	0.754	0.396616238	0.508	0.396616238	0.831	0.364	NA	TA	TOMM40
GMNN1	0.753	0.447614576	0.506	0.447614576	0.787	0.308	NA	TA	GMNN
CCNB2	0.752	0.455347659	0.504	0.455347659	0.547	0.051	NA	TA	CCNB2
SNRPE1	0.752	0.420985931	0.504	0.420985931	0.954	0.632	NA	TA	SNRPE
BCL7C	0.752	0.362961745	0.504	0.362961745	0.793	0.319	NA	TA	BCL7C
FEN1	0.752	0.322329266	0.504	0.322329266	0.565	0.062	NA	TA	FEN1
RPL23A2	0.751	0.390874781	0.502	0.390874781	0.999	0.994	NA	TA	RPL23A
RPL142	0.751	0.364477767	0.502	0.364477767	1	0.992	NA	TA	RPL14
CBX5	0.751	0.312374496	0.502	0.312374496	0.701	0.201	NA	TA	CBX5
RPS72	0.75	0.473418343	0.5	0.473418343	1	0.961	NA	TA	RPS7
RPS202	0.75	0.419678269	0.5	0.419678269	0.998	0.97	NA	TA	RPS20
DNMT1	0.75	0.359588766	0.5	0.359588766	0.615	0.123	NA	TA	DNMT1
RPL18A2	0.749	0.417283982	0.498	0.417283982	1	0.996	NA	TA	RPL18A
RPL132	0.748	0.414889518	0.496	0.414889518	1	0.998	NA	TA	RPL13
CACYBP	0.748	0.377437229	0.496	0.377437229	0.834	0.393	NA	TA	CACYBP
RBBP7	0.748	0.341338753	0.496	0.341338753	0.821	0.347	NA	TA	RBBP7
USP1	0.748	0.339478179	0.496	0.339478179	0.696	0.208	NA	TA	USP1
TMEM97	0.748	0.295047971	0.496	0.295047971	0.626	0.129	NA	TA	TMEM97
TUBB4B	0.747	0.686462833	0.494	0.686462833	0.974	0.823	NA	TA	TUBB4B
RPL10A2	0.747	0.47835086	0.494	0.47835086	0.999	0.97	NA	TA	RPL10A
MRPL51	0.747	0.40052726	0.494	0.40052726	0.941	0.651	NA	TA	MRPL51
PAICS	0.747	0.333538313	0.494	0.333538313	0.748	0.256	NA	TA	PAICS
CNN3	0.746	0.43610708	0.492	0.43610708	0.866	0.434	NA	TA	CNN3
CCT21	0.746	0.392545218	0.492	0.392545218	0.841	0.397	NA	TA	CCT2
CCNB1	0.745	0.582636951	0.49	0.582636951	0.523	0.04	NA	TA	CCNB1
KPNA2	0.744	0.573747373	0.488	0.573747373	0.575	0.103	NA	TA	KPNA2
RPL392	0.744	0.437682755	0.488	0.437682755	1	0.997	NA	TA	RPL39
PTGES3	0.744	0.417091786	0.488	0.417091786	0.971	0.714	NA	TA	PTGES3
NHP21	0.744	0.384040415	0.488	0.384040415	0.922	0.514	NA	TA	NHP2
RPS92	0.744	0.352124603	0.488	0.352124603	1	0.997	NA	TA	RPS9
ERH	0.743	0.406885149	0.486	0.406885149	0.963	0.687	NA	TA	ERH
HNRNPA01	0.743	0.404490339	0.486	0.404490339	0.948	0.627	NA	TA	HNRNPA0
RPL212	0.743	0.378704525	0.486	0.378704525	0.999	0.998	NA	TA	RPL21
MRPL11	0.743	0.364359407	0.486	0.364359407	0.923	0.525	NA	TA	MRPL11
UQCC2	0.743	0.359701978	0.486	0.359701978	0.839	0.39	NA	TA	UQCC2
HPRT1	0.743	0.326579267	0.486	0.326579267	0.725	0.244	NA	TA	HPRT1
HACD3	0.742	0.328310945	0.484	0.328310945	0.745	0.266	NA	TA	HACD3
ARL6IP1	0.741	0.868663559	0.482	0.868663559	0.935	0.681	NA	TA	ARL6IP1
CENPU	0.74	0.321679766	0.48	0.321679766	0.522	0.043	NA	TA	CENPU
CENPH	0.74	0.276286286	0.48	0.276286286	0.544	0.062	NA	TA	CENPH
RPL62	0.739	0.453651943	0.478	0.453651943	0.999	0.955	NA	TA	RPL6
NGFRAP12	0.739	0.379159433	0.478	0.379159433	0.835	0.376	NA	TA	NGFRAP1
NUCB2	0.739	0.369421934	0.478	0.369421934	0.686	0.219	NA	TA	NUCB2
RPL412	0.739	0.302515063	0.478	0.302515063	1	1	NA	TA	RPL41
HELLS	0.738	0.360093329	0.476	0.360093329	0.536	0.063	NA	TA	HELLS
SRSF2	0.737	0.387943544	0.474	0.387943544	0.976	0.733	NA	TA	SRSF2
NME11	0.737	0.364269942	0.474	0.364269942	0.829	0.373	NA	TA	NME1
HNRNPAB	0.736	0.386634993	0.472	0.386634993	0.939	0.592	NA	TA	HNRNPAB
SSRP1	0.736	0.320991102	0.472	0.320991102	0.775	0.316	NA	TA	SSRP1
CYBA2	0.735	0.425650491	0.47	0.425650491	0.993	0.817	NA	TA	CYBA
RPL322	0.735	0.406553628	0.47	0.406553628	1	0.998	NA	TA	RPL32
SNRPD21	0.735	0.349704873	0.47	0.349704873	0.991	0.835	NA	TA	SNRPD2
HSP90AB11	0.734	0.404969196	0.468	0.404969196	0.983	0.806	NA	TA	HSP90AB1
SNRNP25	0.734	0.313169275	0.468	0.313169275	0.733	0.267	NA	TA	SNRNP25
CMSS1	0.734	0.26577011	0.468	0.26577011	0.572	0.103	NA	TA	CMSS1
HSPE11	0.733	0.424580897	0.466	0.424580897	0.991	0.872	NA	TA	HSPE1
RPS123	0.733	0.422985459	0.466	0.422985459	1	0.999	NA	TA	RPS12
ATP5G12	0.733	0.417018895	0.466	0.417018895	0.991	0.864	NA	TA	ATP5G1
RPS15A2	0.733	0.394478783	0.466	0.394478783	0.999	0.996	NA	TA	RPS15A
RPS27A2	0.733	0.359058489	0.466	0.359058489	1	0.997	NA	TA	RPS27A
HDAC2	0.733	0.336974441	0.466	0.336974441	0.814	0.369	NA	TA	HDAC2
RNASEH2B	0.733	0.29226713	0.466	0.29226713	0.661	0.194	NA	TA	RNASEH2B
BCL2L12	0.733	0.261105087	0.466	0.261105087	0.57	0.102	NA	TA	BCL2L12
RPS132	0.732	0.405820741	0.464	0.405820741	1	0.981	NA	TA	RPS13
RPL262	0.732	0.394247035	0.464	0.394247035	1	0.997	NA	TA	RPL26
SUMO21	0.732	0.376536639	0.464	0.376536639	0.976	0.814	NA	TA	SUMO2
ANAPC11	0.732	0.364953131	0.464	0.364953131	0.972	0.761	NA	TA	ANAPC11
GNB2L12	0.732	0.353286231	0.464	0.353286231	1	0.988	NA	TA	GNB2L1
PRPS2	0.732	0.327300138	0.464	0.327300138	0.685	0.233	NA	TA	PRPS2
SPC25	0.732	0.317264172	0.464	0.317264172	0.474	0.011	NA	TA	SPC25
SRP9	0.731	0.386688214	0.462	0.386688214	0.951	0.661	NA	TA	SRP9
CARHSP1	0.731	0.383331224	0.462	0.383331224	0.881	0.511	NA	TA	CARHSP1
YWHAQ	0.731	0.373480092	0.462	0.373480092	0.922	0.589	NA	TA	YWHAQ
FOXM1	0.731	0.288224213	0.462	0.288224213	0.487	0.024	NA	TA	FOXM1
RPL282	0.73	0.292693723	0.46	0.292693723	1	1	NA	TA	RPL28
TACC3	0.729	0.290750274	0.458	0.290750274	0.482	0.022	NA	TA	TACC3
HMMR	0.728	0.380108853	0.456	0.380108853	0.468	0.014	NA	TA	HMMR
MIS18BP1	0.728	0.279310768	0.456	0.279310768	0.607	0.143	NA	TA	MIS18BP1
WHSC1	0.728	0.269708107	0.456	0.269708107	0.627	0.162	NA	TA	WHSC1
RPS242	0.727	0.385722178	0.454	0.385722178	0.999	0.993	NA	TA	RPS24
HNRNPD	0.727	0.344533383	0.454	0.344533383	0.908	0.514	NA	TA	HNRNPD
KIFC1	0.727	0.2896484	0.454	0.2896484	0.478	0.023	NA	TA	KIFC1
RPS151	0.727	0.282761894	0.454	0.282761894	1	0.999	NA	TA	RPS15
POLE3	0.727	0.270644721	0.454	0.270644721	0.674	0.209	NA	TA	POLE3
SLC12A22	0.726	0.403674721	0.452	0.403674721	0.941	0.517	NA	TA	SLC12A2
RPL222	0.726	0.386655523	0.452	0.386655523	1	0.964	NA	TA	RPL22
RPL112	0.726	0.283351741	0.452	0.283351741	1	0.999	NA	TA	RPL11
EMP21	0.725	0.3207233	0.45	0.3207233	0.907	0.467	NA	TA	EMP2
WDR34	0.725	0.318060174	0.45	0.318060174	0.803	0.346	NA	TA	WDR34
PPM1G	0.725	0.311307308	0.45	0.311307308	0.821	0.39	NA	TA	PPM1G
TPGS2	0.725	0.291330225	0.45	0.291330225	0.715	0.265	NA	TA	TPGS2
ASPM	0.724	0.42319277	0.448	0.42319277	0.458	0.011	NA	TA	ASPM
RPL372	0.724	0.349294358	0.448	0.349294358	1	0.995	NA	TA	RPL37
RPLP23	0.724	0.34337594	0.448	0.34337594	1	0.999	NA	TA	RPLP2
CHCHD2	0.724	0.28087665	0.448	0.28087665	0.997	0.969	NA	TA	CHCHD2
EEF1A12	0.723	0.340311146	0.446	0.340311146	1	0.999	NA	TA	EEF1A1
HMGN32	0.723	0.320835498	0.446	0.320835498	0.878	0.447	NA	TA	HMGN3
ARHGAP11A	0.723	0.305121073	0.446	0.305121073	0.466	0.021	NA	TA	ARHGAP11A
RPS162	0.722	0.37710087	0.444	0.37710087	1	0.988	NA	TA	RPS16
HNRNPC1	0.722	0.359523543	0.444	0.359523543	0.945	0.63	NA	TA	HNRNPC
PRDX41	0.722	0.329043523	0.444	0.329043523	0.842	0.433	NA	TA	PRDX4
TPRKB	0.722	0.326686882	0.444	0.326686882	0.855	0.448	NA	TA	TPRKB
PRKDC	0.722	0.286308063	0.444	0.286308063	0.672	0.225	NA	TA	PRKDC
CCT6A	0.721	0.316708699	0.442	0.316708699	0.866	0.445	NA	TA	CCT6A
CDCA8	0.721	0.276892574	0.442	0.276892574	0.474	0.03	NA	TA	CDCA8
MZT1	0.721	0.276073389	0.442	0.276073389	0.574	0.133	NA	TA	MZT1
VRK1	0.721	0.262399228	0.442	0.262399228	0.507	0.065	NA	TA	VRK1
SFPQ	0.72	0.360587374	0.44	0.360587374	0.909	0.536	NA	TA	SFPQ
MCM3	0.72	0.298365858	0.44	0.298365858	0.575	0.136	NA	TA	MCM3
LMNB2	0.72	0.253994543	0.44	0.253994543	0.563	0.116	NA	TA	LMNB2
RPL37A2	0.719	0.35762794	0.438	0.35762794	1	0.998	NA	TA	RPL37A
NDUFB111	0.719	0.32444235	0.438	0.32444235	0.981	0.834	NA	TA	NDUFB11
ILF3	0.719	0.282888646	0.438	0.282888646	0.808	0.368	NA	TA	ILF3
RPL272	0.718	0.346870763	0.436	0.346870763	0.996	0.976	NA	TA	RPL27
RPL52	0.717	0.401755656	0.434	0.401755656	0.998	0.958	NA	TA	RPL5
KHDRBS1	0.717	0.321076444	0.434	0.321076444	0.875	0.493	NA	TA	KHDRBS1
RPL27A3	0.717	0.317676354	0.434	0.317676354	1	0.999	NA	TA	RPL27A
TRAP1	0.717	0.294340258	0.434	0.294340258	0.698	0.264	NA	TA	TRAP1
EZH2	0.717	0.258631822	0.434	0.258631822	0.527	0.089	NA	TA	EZH2
RPS282	0.716	0.333600657	0.432	0.333600657	1	0.999	NA	TA	RPS28
RPL192	0.716	0.313055741	0.432	0.313055741	0.999	0.997	NA	TA	RPL19
MND1	0.716	0.252279836	0.432	0.252279836	0.453	0.02	NA	TA	MND1
ADH1C2	0.715	0.389333018	0.43	0.389333018	0.94	0.536	NA	TA	ADH1C
HNRNPF	0.715	0.343132126	0.43	0.343132126	0.944	0.663	NA	TA	HNRNPF
CKAP2	0.715	0.310015564	0.43	0.310015564	0.491	0.063	NA	TA	CKAP2
MRPL37	0.715	0.293608565	0.43	0.293608565	0.833	0.418	NA	TA	MRPL37
PPIH	0.715	0.258957786	0.43	0.258957786	0.637	0.2	NA	TA	PPIH
RPS142	0.714	0.309786484	0.428	0.309786484	1	1	NA	TA	RPS14
GPSM2	0.714	0.304596971	0.428	0.304596971	0.503	0.075	NA	TA	GPSM2
MLXIP1	0.713	0.338263806	0.426	0.338263806	0.898	0.51	NA	TA	MLXIP
RPL92	0.713	0.328171236	0.426	0.328171236	0.999	0.997	NA	TA	RPL9
NUDCD2	0.713	0.289312228	0.426	0.289312228	0.756	0.333	NA	TA	NUDCD2
MCM5	0.713	0.284498839	0.426	0.284498839	0.526	0.1	NA	TA	MCM5
TFDP1	0.713	0.271293382	0.426	0.271293382	0.685	0.258	NA	TA	TFDP1
UBA521	0.713	0.252549308	0.426	0.252549308	1	0.991	NA	TA	UBA52
TMEM106C1	0.712	0.357722212	0.424	0.357722212	0.957	0.739	NA	TA	TMEM106C
HP1BP3	0.712	0.356903084	0.424	0.356903084	0.863	0.461	NA	TA	HP1BP3
PDIA61	0.712	0.347655043	0.424	0.347655043	0.923	0.588	NA	TA	PDIA6
RPL13A2	0.712	0.338720187	0.424	0.338720187	1	1	NA	TA	RPL13A
RACGAP1	0.712	0.288077697	0.424	0.288077697	0.448	0.026	NA	TA	RACGAP1
PRDX3	0.711	0.342717406	0.422	0.342717406	0.936	0.621	NA	TA	PRDX3
HNRNPR	0.711	0.299782064	0.422	0.299782064	0.833	0.429	NA	TA	HNRNPR
RHEB	0.711	0.294418375	0.422	0.294418375	0.817	0.412	NA	TA	RHEB
PLA2G2A1	0.71	0.511670574	0.42	0.511670574	0.922	0.604	NA	TA	PLA2G2A
VPS29	0.71	0.332406953	0.42	0.332406953	0.917	0.587	NA	TA	VPS29
DDX39A	0.71	0.265934689	0.42	0.265934689	0.679	0.246	NA	TA	DDX39A
SMC1A	0.71	0.254594959	0.42	0.254594959	0.664	0.23	NA	TA	SMC1A
TP53	0.71	0.253651235	0.42	0.253651235	0.686	0.244	NA	TA	TP53
EIF3L2	0.709	0.35693833	0.418	0.35693833	0.94	0.669	NA	TA	EIF3L
BZW2	0.709	0.259158381	0.418	0.259158381	0.755	0.316	NA	TA	BZW2
GTSE1	0.708	0.309414342	0.416	0.309414342	0.432	0.015	NA	TA	GTSE1
EIF4EBP11	0.708	0.30249764	0.416	0.30249764	0.766	0.353	NA	TA	EIF4EBP1
GCSH	0.708	0.290539	0.416	0.290539	0.69	0.275	NA	TA	GCSH
SRPK1	0.708	0.288633841	0.416	0.288633841	0.785	0.374	NA	TA	SRPK1
NOP56	0.708	0.262242774	0.416	0.262242774	0.747	0.313	NA	TA	NOP56
RBM32	0.707	0.332031372	0.414	0.332031372	0.956	0.672	NA	TA	RBM3
UBE2I	0.707	0.292510065	0.414	0.292510065	0.875	0.501	NA	TA	UBE2I
PFN1	0.707	0.29237905	0.414	0.29237905	0.998	0.979	NA	TA	PFN1
PPP1R1B2	0.706	0.358917569	0.412	0.358917569	0.965	0.579	NA	TA	PPP1R1B
YWHAH	0.706	0.320366291	0.412	0.320366291	0.867	0.499	NA	TA	YWHAH
RPL342	0.706	0.312848198	0.412	0.312848198	1	0.999	NA	TA	RPL34
PPIF	0.706	0.251057141	0.412	0.251057141	0.747	0.321	NA	TA	PPIF
RPL182	0.705	0.28707896	0.41	0.28707896	1	0.997	NA	TA	RPL18
C9orf142	0.705	0.272124538	0.41	0.272124538	0.811	0.406	NA	TA	C9orf142
RPL292	0.705	0.254217088	0.41	0.254217088	1	0.998	NA	TA	RPL29
SNRPA	0.705	0.251205945	0.41	0.251205945	0.706	0.28	NA	TA	SNRPA
TUFM1	0.704	0.322290466	0.408	0.322290466	0.975	0.772	NA	TA	TUFM
RBMX	0.704	0.316580681	0.408	0.316580681	0.927	0.576	NA	TA	RBMX
TRA2B	0.704	0.308605589	0.408	0.308605589	0.929	0.581	NA	TA	TRA2B
RPL121	0.704	0.303426378	0.408	0.303426378	1	0.997	NA	TA	RPL12
NENF1	0.704	0.298629009	0.408	0.298629009	0.874	0.489	NA	TA	NENF
NUDT21	0.704	0.252094406	0.408	0.252094406	0.754	0.335	NA	TA	NUDT21
EIF1AX1	0.703	0.344714878	0.406	0.344714878	0.932	0.647	NA	TA	EIF1AX
PARK71	0.703	0.317088337	0.406	0.317088337	0.96	0.716	NA	TA	PARK7
EPHB21	0.703	0.275492077	0.406	0.275492077	0.69	0.271	NA	TA	EPHB2
NUF2	0.703	0.263707634	0.406	0.263707634	0.415	0.01	NA	TA	NUF2
CDCA3	0.703	0.257832975	0.406	0.257832975	0.526	0.1	NA	TA	CDCA3
LDHB1	0.702	0.683537741	0.404	0.683537741	0.658	0.375	NA	TA	LDHB
TMEM2581	0.702	0.280700633	0.404	0.280700633	0.978	0.859	NA	TA	TMEM258
RCN21	0.702	0.265103889	0.404	0.265103889	0.786	0.367	NA	TA	RCN2
KIF22	0.702	0.261340616	0.404	0.261340616	0.617	0.204	NA	TA	KIF22
RNPS1	0.701	0.285999035	0.402	0.285999035	0.867	0.485	NA	TA	RNPS1
RPS251	0.701	0.277513703	0.402	0.277513703	1	0.992	NA	TA	RPS25
NME41	0.701	0.264961521	0.402	0.264961521	0.692	0.278	NA	TA	NME4
ASCL2	0.923	1.193816382	0.846	1.193816382	0.906	0.113	NA	Stem Cell	ASCL2
RGMB	0.922	0.949366015	0.844	0.949366015	0.938	0.212	NA	Stem Cell	RGMB
RPL122	0.916	0.718555551	0.832	0.718555551	1	0.997	NA	Stem Cell	RPL12
RPL36A3	0.905	0.793448892	0.81	0.793448892	1	0.968	NA	Stem Cell	RPL36A
RPL312	0.905	0.717032571	0.81	0.717032571	1	0.995	NA	Stem Cell	RPL31
RPL133	0.898	0.671923741	0.796	0.671923741	1	0.998	NA	Stem Cell	RPL13
RPS183	0.895	0.695441341	0.79	0.695441341	1	0.999	NA	Stem Cell	RPS18
RPS233	0.893	0.611057035	0.786	0.611057035	1	0.996	NA	Stem Cell	RPS23
RPL35A2	0.893	0.599159037	0.786	0.599159037	1	0.996	NA	Stem Cell	RPL35A
RPS33	0.89	0.700115317	0.78	0.700115317	1	0.999	NA	Stem Cell	RPS3
RPL373	0.89	0.632277254	0.78	0.632277254	1	0.995	NA	Stem Cell	RPL37
RPL13A3	0.889	0.585985699	0.778	0.585985699	1	1	NA	Stem Cell	RPL13A
RPS93	0.889	0.572130448	0.778	0.572130448	1	0.997	NA	Stem Cell	RPS9
RPS3A3	0.888	0.704547207	0.776	0.704547207	1	0.994	NA	Stem Cell	RPS3A
RPS272	0.885	0.556402045	0.77	0.556402045	1	1	NA	Stem Cell	RPS27
EEF1A13	0.884	0.625236766	0.768	0.625236766	1	0.999	NA	Stem Cell	EEF1A1
RPL343	0.882	0.595382653	0.764	0.595382653	1	0.999	NA	Stem Cell	RPL34
RPS243	0.879	0.618721135	0.758	0.618721135	1	0.993	NA	Stem Cell	RPS24
GNB2L13	0.878	0.625755013	0.756	0.625755013	1	0.988	NA	Stem Cell	GNB2L1
RPS252	0.877	0.567436992	0.754	0.567436992	1	0.992	NA	Stem Cell	RPS25
CDCA71	0.876	0.766483778	0.752	0.766483778	0.923	0.256	NA	Stem Cell	CDCA7
RPL393	0.873	0.64799327	0.746	0.64799327	1	0.997	NA	Stem Cell	RPL39
RPL313	0.87	0.65930537	0.74	0.65930537	1	0.996	NA	Stem Cell	RPL3
RPL113	0.87	0.475725004	0.74	0.475725004	1	0.999	NA	Stem Cell	RPL11
RPS124	0.868	0.628672989	0.736	0.628672989	1	0.999	NA	Stem Cell	RPS12
RPL302	0.868	0.614911864	0.736	0.614911864	1	0.994	NA	Stem Cell	RPL30
RPS210	0.867	0.799388339	0.734	0.799388339	1	0.986	NA	Stem Cell	RPS2
RPS53	0.866	0.63296423	0.732	0.63296423	1	0.984	NA	Stem Cell	RPS5
RPL143	0.866	0.543173578	0.732	0.543173578	1	0.992	NA	Stem Cell	RPL14
RPS63	0.862	0.704428867	0.724	0.704428867	1	0.997	NA	Stem Cell	RPS6
RPS213	0.861	0.571448232	0.722	0.571448232	1	0.989	NA	Stem Cell	RPS21
RPL93	0.86	0.561293539	0.72	0.561293539	1	0.997	NA	Stem Cell	RPL9
RPL323	0.858	0.592147602	0.716	0.592147602	1	0.998	NA	Stem Cell	RPL32
RPL293	0.857	0.474051492	0.714	0.474051492	1	0.998	NA	Stem Cell	RPL29
RPL263	0.856	0.590981989	0.712	0.590981989	1	0.997	NA	Stem Cell	RPL26
RPS193	0.855	0.577968647	0.71	0.577968647	1	0.998	NA	Stem Cell	RPS19
SLC12A23	0.852	0.859976162	0.704	0.859976162	0.977	0.528	NA	Stem Cell	SLC12A2
RPL7A3	0.851	0.536660261	0.702	0.536660261	1	0.991	NA	Stem Cell	RPL7A
PRDX51	0.85	0.667375648	0.7	0.667375648	1	0.959	NA	Stem Cell	PRDX5
RPS27A3	0.848	0.518096794	0.696	0.518096794	1	0.997	NA	Stem Cell	RPS27A
RPS283	0.848	0.510233347	0.696	0.510233347	1	0.999	NA	Stem Cell	RPS28
RPS15A3	0.845	0.571301011	0.69	0.571301011	1	0.996	NA	Stem Cell	RPS15A
RPL382	0.843	0.490557636	0.686	0.490557636	1	0.995	NA	Stem Cell	RPL38
RPL362	0.842	0.52794125	0.684	0.52794125	1	0.999	NA	Stem Cell	RPL36
RPL413	0.842	0.417639864	0.684	0.417639864	1	1	NA	Stem Cell	RPL41
RPL53	0.841	0.678691699	0.682	0.678691699	1	0.96	NA	Stem Cell	RPL5
RPL10A3	0.841	0.643903692	0.682	0.643903692	1	0.971	NA	Stem Cell	RPL10A
RPL172	0.835	0.641569653	0.67	0.641569653	0.997	0.925	NA	Stem Cell	RPL17
RPLP03	0.835	0.576000675	0.67	0.576000675	1	0.981	NA	Stem Cell	RPLP0
EIF3E2	0.834	0.714214212	0.668	0.714214212	0.982	0.739	NA	Stem Cell	EIF3E
RPS4X3	0.834	0.65076769	0.668	0.65076769	1	0.996	NA	Stem Cell	RPS4X
RPL23A3	0.834	0.523033886	0.668	0.523033886	1	0.995	NA	Stem Cell	RPL23A
SOX41	0.833	0.754019463	0.666	0.754019463	0.955	0.493	NA	Stem Cell	SOX4
ETS2	0.833	0.661549416	0.666	0.661549416	0.95	0.58	NA	Stem Cell	ETS2
RPL242	0.833	0.505442627	0.666	0.505442627	1	0.985	NA	Stem Cell	RPL24
RPS143	0.833	0.466130898	0.666	0.466130898	1	1	NA	Stem Cell	RPS14
NACA2	0.832	0.536761396	0.664	0.536761396	1	0.97	NA	Stem Cell	NACA
GLTSCR2	0.831	0.52318343	0.662	0.52318343	0.994	0.906	NA	Stem Cell	GLTSCR2
SMOC2	0.83	0.940386816	0.66	0.940386816	0.682	0.033	NA	Stem Cell	SMOC2
ALDH1B1	0.829	0.657959536	0.658	0.657959536	0.797	0.216	NA	Stem Cell	ALDH1B1
RPL73	0.828	0.606806662	0.656	0.606806662	1	0.991	NA	Stem Cell	RPL7
RPS83	0.826	0.610360864	0.652	0.610360864	1	0.992	NA	Stem Cell	RPS8
NPM12	0.823	0.656894444	0.646	0.656894444	0.995	0.816	NA	Stem Cell	NPM1
RPS173	0.821	0.601814826	0.642	0.601814826	1	0.987	NA	Stem Cell	RPS17
NBEAL11	0.82	0.564275562	0.64	0.564275562	0.989	0.843	NA	Stem Cell	NBEAL1
CDK6	0.819	0.593853386	0.638	0.593853386	0.818	0.25	NA	Stem Cell	CDK6
RPL103	0.818	0.471475939	0.636	0.471475939	1	0.999	NA	Stem Cell	RPL10
RPL183	0.817	0.441886663	0.634	0.441886663	1	0.997	NA	Stem Cell	RPL18
PABPC12	0.816	0.595890986	0.632	0.595890986	0.992	0.885	NA	Stem Cell	PABPC1
RPS203	0.816	0.556244755	0.632	0.556244755	1	0.971	NA	Stem Cell	RPS20
RPL27A4	0.816	0.444699954	0.632	0.444699954	1	0.999	NA	Stem Cell	RPL27A
OLFM41	0.815	1.440564131	0.63	1.440564131	0.942	0.639	NA	Stem Cell	OLFM4
ZFAS11	0.815	0.583129131	0.63	0.583129131	0.977	0.76	NA	Stem Cell	ZFAS1
RPL37A3	0.813	0.501425236	0.626	0.501425236	1	0.998	NA	Stem Cell	RPL37A
MARCKSL12	0.809	0.670368597	0.618	0.670368597	0.973	0.619	NA	Stem Cell	MARCKSL1
RPL232	0.806	0.58578017	0.612	0.58578017	1	0.948	NA	Stem Cell	RPL23
RPL193	0.804	0.431789779	0.608	0.431789779	1	0.997	NA	Stem Cell	RPL19
HNRNPA13	0.803	0.591717031	0.606	0.591717031	0.998	0.924	NA	Stem Cell	HNRNPA1
RPL153	0.803	0.567503953	0.606	0.567503953	1	0.986	NA	Stem Cell	RPL15
RPS112	0.8	0.476200166	0.6	0.476200166	1	0.984	NA	Stem Cell	RPS11
RPS152	0.8	0.3751825	0.6	0.3751825	1	0.999	NA	Stem Cell	RPS15
BTF31	0.799	0.444903472	0.598	0.444903472	0.994	0.954	NA	Stem Cell	BTF3
RPS103	0.798	0.483070283	0.596	0.483070283	1	0.988	NA	Stem Cell	RPS10
IMPDH23	0.795	0.581182025	0.59	0.581182025	0.914	0.489	NA	Stem Cell	IMPDH2
RPS133	0.79	0.498167125	0.58	0.498167125	1	0.981	NA	Stem Cell	RPS13
EEF2	0.786	0.414724587	0.572	0.414724587	1	0.966	NA	Stem Cell	EEF2
RPLP24	0.781	0.410871815	0.562	0.410871815	1	0.999	NA	Stem Cell	RPLP2
RPL283	0.781	0.35992499	0.562	0.35992499	1	1	NA	Stem Cell	RPL28
ZFP36L21	0.78	0.533427288	0.56	0.533427288	0.986	0.815	NA	Stem Cell	ZFP36L2
EEF1G1	0.78	0.516401184	0.56	0.516401184	0.932	0.599	NA	Stem Cell	EEF1G
RPL223	0.78	0.475729355	0.56	0.475729355	1	0.965	NA	Stem Cell	RPL22
RPL213	0.78	0.428707308	0.56	0.428707308	1	0.998	NA	Stem Cell	RPL21
NAP1L13	0.779	0.536453921	0.558	0.536453921	0.873	0.395	NA	Stem Cell	NAP1L1
RPL44	0.775	0.55449745	0.55	0.55449745	0.995	0.864	NA	Stem Cell	RPL4
EEF1B21	0.775	0.421927424	0.55	0.421927424	0.995	0.971	NA	Stem Cell	EEF1B2
RPL353	0.774	0.408827841	0.548	0.408827841	1	0.994	NA	Stem Cell	RPL35
RPS73	0.77	0.507519072	0.54	0.507519072	0.998	0.962	NA	Stem Cell	RPS7
RPL63	0.768	0.524196271	0.536	0.524196271	0.998	0.957	NA	Stem Cell	RPL6
LGR5	0.768	0.518194554	0.536	0.518194554	0.559	0.03	NA	Stem Cell	LGR5
RPLP13	0.767	0.442042893	0.534	0.442042893	1	1	NA	Stem Cell	RPLP1
KIAA13243	0.766	0.437945811	0.532	0.437945811	0.838	0.344	NA	Stem Cell	KIAA1324
RPL83	0.764	0.353742357	0.528	0.353742357	1	0.999	NA	Stem Cell	RPL8
EPB41L4A-AS1	0.762	0.432440935	0.524	0.432440935	0.826	0.379	NA	Stem Cell	EPB41L4A-AS1
RPS293	0.761	0.393459564	0.522	0.393459564	1	0.999	NA	Stem Cell	RPS29
RPSA3	0.76	0.520052462	0.52	0.520052462	1	0.936	NA	Stem Cell	RPSA
C6orf482	0.76	0.432872363	0.52	0.432872363	0.906	0.502	NA	Stem Cell	C6orf48
EPHB3	0.759	0.443565784	0.518	0.443565784	0.635	0.138	NA	Stem Cell	EPHB3
EIF3L3	0.757	0.482269345	0.514	0.482269345	0.948	0.677	NA	Stem Cell	EIF3L
HSP90AB12	0.757	0.46257497	0.514	0.46257497	0.986	0.811	NA	Stem Cell	HSP90AB1
APEX11	0.757	0.43917768	0.514	0.43917768	0.885	0.473	NA	Stem Cell	APEX1
PPP1R1B3	0.756	0.476159396	0.512	0.476159396	0.979	0.591	NA	Stem Cell	PPP1R1B
RPS163	0.755	0.44001898	0.51	0.44001898	1	0.989	NA	Stem Cell	RPS16
CD441	0.753	0.438313135	0.506	0.438313135	0.741	0.273	NA	Stem Cell	CD44
RPL273	0.751	0.404990063	0.502	0.404990063	1	0.977	NA	Stem Cell	RPL27
EIF3D	0.749	0.442184976	0.498	0.442184976	0.923	0.61	NA	Stem Cell	EIF3D
EPHB22	0.748	0.385054847	0.496	0.385054847	0.741	0.282	NA	Stem Cell	EPHB2
RSL1D1	0.745	0.414288713	0.49	0.414288713	0.888	0.519	NA	Stem Cell	RSL1D1
NGFRAP13	0.738	0.380081007	0.476	0.380081007	0.829	0.391	NA	Stem Cell	NGFRAP1
PDZK1IP1	0.738	0.377826018	0.476	0.377826018	0.906	0.524	NA	Stem Cell	PDZK1IP1
C19orf481	0.737	0.362256104	0.474	0.362256104	0.739	0.278	NA	Stem Cell	C19orf48
MYC1	0.736	0.436588901	0.472	0.436588901	0.714	0.277	NA	Stem Cell	MYC
NOB1	0.735	0.381468535	0.47	0.381468535	0.723	0.293	NA	Stem Cell	NOB1
RPL18A3	0.734	0.385218029	0.468	0.385218029	1	0.996	NA	Stem Cell	RPL18A
AC090498.11	0.732	0.390121725	0.464	0.390121725	0.994	0.888	NA	Stem Cell	AC090498.1
HMGA11	0.731	0.449192079	0.462	0.449192079	0.944	0.649	NA	Stem Cell	HMGA1
MLXIP2	0.731	0.413577631	0.462	0.413577631	0.874	0.523	NA	Stem Cell	MLXIP
GDF151	0.728	0.678225121	0.456	0.678225121	0.741	0.365	NA	Stem Cell	GDF15
RNF43	0.728	0.36869646	0.456	0.36869646	0.695	0.268	NA	Stem Cell	RNF43
ST13	0.726	0.361078229	0.452	0.361078229	0.958	0.767	NA	Stem Cell	ST13
ATP5G22	0.72	0.311786034	0.44	0.311786034	0.998	0.949	NA	Stem Cell	ATP5G2
HES11	0.718	0.567029613	0.436	0.567029613	0.921	0.692	NA	Stem Cell	HES1
EIF3H1	0.716	0.351165332	0.432	0.351165332	0.958	0.742	NA	Stem Cell	EIF3H
FBL2	0.715	0.357009533	0.43	0.357009533	0.892	0.54	NA	Stem Cell	FBL
AQP1	0.712	0.313600412	0.424	0.313600412	0.709	0.278	NA	Stem Cell	AQP1
RBMX1	0.711	0.366406595	0.422	0.366406595	0.897	0.589	NA	Stem Cell	RBMX
SNHG7	0.71	0.359185758	0.42	0.359185758	0.809	0.467	NA	Stem Cell	SNHG7
ZNF703	0.71	0.353943283	0.42	0.353943283	0.762	0.391	NA	Stem Cell	ZNF703
EIF3F1	0.709	0.341921712	0.418	0.341921712	0.958	0.76	NA	Stem Cell	EIF3F
CCNI	0.708	0.342585407	0.416	0.342585407	0.962	0.819	NA	Stem Cell	CCNI
TGIF11	0.706	0.332454111	0.412	0.332454111	0.744	0.362	NA	Stem Cell	TGIF1
DUT2	0.704	0.2800326	0.408	0.2800326	0.859	0.458	NA	Stem Cell	DUT
SOX9	0.703	0.350339822	0.406	0.350339822	0.721	0.342	NA	Stem Cell	SOX9
SLC25A62	0.703	0.297410553	0.406	0.297410553	1	0.97	NA	Stem Cell	SLC25A6

